200
31 32
20 37
0 10
0 85
51 58
21 41
21 22
8 0
27 31
15 16
62 95
2 10
4 10
90 96
53 74
9 39
18 40
8 10
17 28
28 43
21 67
14 24
32 80
58 68
26 31
30 41
2 14
0 15
10 17
24 93
6 14
26 36
0 17
63 84
60 96
25 55
6 15
4 20
3 16
31 34
20 22
6 16
61 65
24 70
10 39
27 28
29 57
88 95
14 89
50 93
21 32
63 66
10 18
7 17
7 19
39 72
13 19
17 18
57 97
3 18
5 18
41 50
13 68
11 19
30 64
7 39
24 55
3 24
2 20
31 64
11 22
27 53
2 22
58 67
22 25
29 76
9 22
24 88
60 83
14 22
16 22
25 45
13 48
21 23
19 40
21 29
8 23
27 32
42 61
13 23
52 60
14 86
19 23
15 74
7 25
42 45
57 98
48 94
76 91
10 85
8 46
12 60
46 50
31 50
74 90
61 62
27 39
60 92
21 77
29 91
31 81
28 62
28 76
60 87
17 46
6 28
28 29
22 88
0 90
16 74
26 56
0 39
19 70
85 88
0 29
10 29
56 95
68 91
25 62
27 83
10 50
58 91
17 68
22 31
24 31
1 32
5 32
23 34
41 46
24 62
13 32
20 52
24 37
31 98
0 33
18 33
89 97
93 95
83 86
27 40
7 34
24 54
3 40
33 35
4 35
26 41
74 80
14 35
54 63
19 35
16 70
57 85
0 36
44 46
6 89
20 36
42 46
42 85
24 52
33 38
17 82
9 38
40 50
41 60
23 38
17 98
21 47
29 54
54 72
88 93
6 39
2 40
83 85
33 41
55 93
28 65
24 58
27 91
39 41
56 84
0 41
10 41
19 84
37 80
83 88
38 42
40 89
40 42
8 42
9 42
51 74
14 42
48 83
31 55
45 58
59 76
37 43
6 43
42 43
31 48
23 43
24 65
24 67
30 44
94 95
29 58
63 88
22 44
30 84
24 44
26 44
8 73
28 84
28 81
26 62
38 45
63 77
17 54
12 46
5 73
21 53
34 47
36 47
11 80
9 47
45 47
56 81
16 47
68 85
33 48
55 75
37 48
41 48
23 52
15 53
16 61
26 60
93 96
17 78
32 50
31 56
14 72
57 74
1 51
13 80
7 51
45 51
47 51
48 51
23 51
34 52
20 63
13 78
40 52
8 89
2 53
80 90
50 82
90 91
56 59
59 98
44 53
14 53
3 73
33 54
14 68
6 54
40 54
12 54
41 54
45 54
11 55
34 55
38 55
6 55
7 55
35 56
39 56
40 56
41 56
26 94
61 82
44 56
36 57
37 57
19 63
25 82
61 98
32 59
33 59
14 93
13 59
50 59
11 60
19 91
5 60
38 60
58 66
40 60
32 61
20 65
46 62
23 62
63 82
11 63
62 80
46 72
38 64
26 95
46 80
51 64
25 64
60 64
29 64
50 90
4 65
37 65
42 65
50 65
11 66
15 70
12 66
13 66
54 66
70 89
32 67
1 67
4 67
4 72
35 91
12 68
11 69
3 69
36 69
61 90
40 69
45 73
92 96
50 69
29 81
54 69
24 69
29 71
59 69
27 69
11 70
66 70
35 70
37 70
59 82
38 71
7 71
1 74
67 74
40 74
12 74
73 74
9 74
65 75
33 75
10 86
10 75
44 75
16 75
53 75
21 76
26 89
13 76
16 76
52 76
1 77
66 77
67 77
37 77
12 77
19 90
17 85
0 77
43 77
49 77
32 78
70 80
34 78
41 78
75 78
76 78
37 79
78 88
22 79
69 81
70 81
12 81
49 81
74 88
55 81
5 82
72 82
72 90
76 82
14 82
16 82
32 83
29 98
34 83
66 83
5 83
6 83
76 83
78 83
36 84
68 84
69 84
13 84
1 85
9 89
2 86
70 86
7 86
64 87
32 87
1 87
3 87
37 87
12 87
75 87
10 87
72 88
18 87
22 87
2 90
32 92
80 92
49 92
87 92
91 92
2 93
66 93
73 93
0 93
44 93
33 94
2 94
67 94
68 94
7 94
76 94
77 94
1 95
30 97
42 95
13 95
46 95
49 95
84 95
53 95
72 96
87 96
89 96
1 97
65 97
6 97
40 97
72 97
9 97
76 97
23 97
32 98
4 98
75 98
44 98
64 99
42 99
52 99
53 99
86 99
93 99
61 99
114 118
163 193
130 142
170 181
115 121
183 193
140 169
120 129
128 139
112 115
113 137
116 125
160 164
156 164
117 136
154 183
126 155
103 113
111 137
151 179
113 114
126 161
108 113
130 173
125 141
129 168
101 114
119 193
129 137
125 146
106 114
160 176
120 197
111 114
107 125
130 150
101 115
124 125
127 129
105 115
122 135
125 127
154 166
123 165
104 116
112 185
117 130
111 116
129 187
157 176
128 182
129 173
124 151
118 150
126 164
150 188
130 141
122 196
121 136
113 129
109 118
133 148
141 169
121 165
113 189
178 190
157 192
122 131
113 120
110 124
105 120
143 176
108 120
111 120
102 121
104 121
151 153
127 130
128 151
119 124
191 192
115 123
120 181
138 151
110 122
192 196
158 166
107 124
117 149
122 161
102 126
148 152
123 146
117 162
122 144
149 162
189 196
120 126
121 126
114 190
108 127
142 180
112 160
116 194
120 127
127 131
172 180
113 150
104 128
106 128
159 160
122 171
123 172
106 129
124 160
120 185
127 156
118 181
168 181
124 139
126 152
127 180
111 180
102 132
156 191
106 132
119 180
110 132
111 132
100 132
127 170
117 132
122 133
125 144
119 145
112 133
114 133
112 151
108 169
105 134
108 134
181 182
111 134
113 134
171 190
129 134
123 134
157 186
126 163
108 135
121 145
129 139
126 158
162 184
117 135
154 187
185 187
126 165
105 136
112 178
162 179
160 196
153 188
123 177
104 137
146 159
118 186
134 148
145 189
116 166
137 139
110 139
151 194
132 140
149 164
134 140
138 140
151 192
113 140
117 140
119 140
131 144
109 141
128 149
112 141
148 178
129 190
135 142
138 142
156 183
100 142
112 142
122 162
161 195
118 142
127 168
125 151
125 142
125 194
146 189
189 195
119 166
189 194
115 143
126 170
110 156
117 158
117 161
101 144
118 172
102 144
102 148
131 145
141 144
113 144
116 144
101 145
132 145
106 145
125 156
111 145
100 145
141 148
112 145
153 159
123 158
126 151
160 177
150 158
157 196
150 166
115 146
154 174
125 168
149 158
103 149
177 190
136 149
166 167
140 149
110 149
112 149
113 149
148 149
118 153
128 156
139 150
130 152
132 163
101 152
158 188
159 169
135 152
136 152
137 152
106 152
139 152
140 152
110 152
143 152
191 195
169 178
104 153
153 161
146 153
153 172
119 155
132 154
109 154
120 168
179 186
100 190
148 154
166 181
122 154
143 180
110 177
185 198
102 155
161 192
163 169
133 156
101 157
159 174
163 196
136 157
161 166
158 194
180 181
100 157
161 184
151 157
121 166
153 162
101 158
125 177
136 158
117 180
108 181
141 158
112 158
148 171
148 158
133 159
135 178
155 174
107 159
140 159
141 159
147 198
106 160
107 160
138 160
163 183
118 171
133 161
103 161
106 161
139 161
109 161
119 163
114 161
115 161
102 162
134 162
104 162
106 162
107 162
151 164
113 162
116 162
133 164
102 164
134 164
137 164
138 164
165 184
110 164
150 179
173 174
168 169
141 190
114 194
130 180
135 165
162 187
130 198
110 165
127 194
119 167
145 165
114 165
149 165
118 165
151 165
153 165
160 184
164 166
136 166
107 166
139 166
159 168
140 181
144 166
132 167
107 184
105 168
137 168
144 193
150 168
152 168
182 187
146 172
165 170
154 177
129 171
161 171
109 170
126 191
145 170
131 185
120 170
103 171
166 171
161 187
177 181
120 189
115 171
142 181
150 182
108 172
165 173
134 173
125 192
144 185
162 175
164 174
152 188
103 174
104 174
136 174
164 175
101 175
134 175
136 175
144 188
117 175
126 175
127 181
131 193
104 176
137 176
109 176
141 176
156 189
167 179
168 179
106 179
171 179
110 179
174 179
144 179
171 180
108 180
103 182
120 190
113 182
115 182
117 182
134 183
103 183
136 183
112 183
147 183
182 183
192 198
107 185
173 185
177 186
146 186
135 187
167 187
111 187
146 187
116 187
102 188
160 189
107 188
173 188
142 188
108 189
101 190
185 190
103 190
135 190
102 191
126 195
135 191
168 191
142 191
143 191
175 191
114 191
116 193
182 191
184 191
101 192
107 192
139 192
100 192
116 192
127 198
153 196
141 193
168 194
138 194
141 194
110 194
146 194
105 195
168 195
141 195
142 195
144 195
145 195
148 195
150 195
123 195
124 195
167 196
170 196
110 196
100 196
175 196
176 196
181 197
118 196
172 197
166 198
168 198
169 198
107 198
139 198
145 198
178 198
101 199
132 199
136 199
169 199
172 199
178 199
146 199
147 199
151 199
120 199
184 199
127 199
99 190
16 182
