201
0 1
0 2
2 3
2 4
4 5
4 6
3 7
0 8
3 9
1 10
2 11
4 12
10 13
9 14
1 15
15 16
3 17
11 18
0 19
7 20
19 21
17 22
7 23
13 24
3 25
19 26
15 27
24 28
8 29
13 30
19 31
19 32
15 33
24 34
8 35
2 36
0 37
20 38
1 39
9 40
36 41
37 42
3 43
4 44
19 45
39 46
1 47
11 48
2 49
34 50
47 51
10 52
38 53
24 54
23 55
38 56
54 57
10 58
11 59
8 60
49 61
2 62
37 63
28 64
34 65
25 66
58 67
10 68
54 69
68 70
36 71
64 72
24 73
23 74
68 75
62 76
2 77
20 78
25 79
11 80
8 81
23 82
23 83
2 84
54 85
54 86
56 87
30 88
9 89
62 90
68 91
0 92
47 93
62 94
62 95
56 96
4 97
36 98
77 99
13 100
84 101
62 102
84 103
56 104
23 105
64 106
13 107
52 108
36 109
100 110
20 111
54 112
68 113
17 114
2 115
84 116
107 117
78 118
107 119
84 120
11 121
54 122
19 123
3 124
47 125
2 126
25 127
72 128
36 129
54 130
73 131
126 132
53 133
111 134
73 135
34 136
56 137
37 138
7 139
124 140
0 141
37 142
78 143
1 144
68 145
23 146
0 147
28 148
28 149
68 150
139 151
84 152
11 153
19 154
58 155
77 156
8 157
53 158
23 159
23 160
52 161
100 162
17 163
19 164
47 165
124 166
20 167
68 168
100 169
23 170
124 171
11 172
126 173
56 174
36 175
24 176
53 177
84 178
73 179
47 180
149 181
133 182
10 183
10 184
7 185
184 186
176 187
177 188
37 189
52 190
126 191
23 192
92 193
8 194
78 195
8 196
184 197
147 198
30 199
133 200
