300
19 135
23 91
30 51
17 69
24 42
68 141
62 139
21 66
23 142
3 51
18 31
78 79
89 118
25 44
85 116
51 137
4 26
28 99
53 69
81 137
10 65
4 13
92 144
62 88
14 26
63 142
23 129
3 15
29 68
6 15
55 143
57 96
77 108
24 55
27 87
24 51
11 51
24 47
23 97
53 97
29 59
0 94
21 31
31 82
74 138
49 87
92 125
53 94
25 131
31 101
15 104
18 36
9 19
27 145
15 19
0 19
55 66
15 20
5 37
15 53
10 20
104 144
14 65
29 32
108 128
31 38
28 63
59 63
31 111
11 60
38 86
15 39
15 22
17 22
50 123
25 106
124 126
47 67
60 96
28 68
89 100
0 23
16 55
49 142
26 76
5 23
77 114
24 34
27 105
82 141
94 96
24 144
1 25
17 25
24 114
14 94
9 37
48 114
27 29
62 77
48 97
49 55
79 113
4 28
5 28
6 28
57 77
7 28
12 33
9 28
31 135
121 143
30 59
10 146
61 95
49 117
29 36
51 69
5 31
61 71
18 83
92 105
15 31
84 86
8 32
62 120
104 143
56 59
27 42
16 113
20 148
18 53
2 33
8 33
43 45
26 88
125 127
0 55
13 34
42 86
9 60
47 113
3 116
119 123
59 89
54 147
5 35
28 57
3 36
26 132
61 142
23 81
9 36
31 109
83 139
4 38
24 109
53 103
88 148
12 67
16 38
58 65
38 116
54 107
32 39
10 51
5 39
44 141
12 55
12 39
39 144
57 92
16 40
23 76
56 105
25 66
88 89
32 41
61 83
29 135
19 123
63 100
28 128
21 63
54 143
8 42
9 42
56 73
78 106
78 100
6 43
8 43
107 118
31 115
7 83
13 43
18 89
4 59
44 82
12 98
53 81
32 74
17 61
8 44
47 104
56 131
12 44
46 86
49 97
50 87
17 44
25 92
28 74
30 64
33 45
58 60
5 45
59 100
60 67
139 146
57 144
44 50
4 46
23 48
56 122
8 46
9 46
10 46
75 146
54 59
37 47
6 47
35 83
38 49
71 146
46 47
48 89
8 63
33 48
10 55
84 91
72 118
95 101
11 48
87 105
7 146
56 140
29 143
24 49
108 140
1 51
34 51
90 121
40 74
59 61
30 92
41 90
104 140
18 129
32 53
27 65
107 116
2 55
31 75
11 67
49 85
80 98
21 56
43 141
5 56
53 93
56 95
43 56
15 56
16 56
24 76
76 85
46 79
5 63
61 117
19 74
12 57
83 140
94 145
95 125
80 136
37 58
90 97
5 60
144 147
94 120
24 70
32 61
2 61
87 93
85 89
35 90
6 62
25 78
53 122
53 62
26 62
28 130
9 63
111 147
34 64
18 87
8 64
39 64
39 89
22 135
37 144
64 65
26 74
24 104
78 138
22 67
61 113
41 74
1 68
29 102
66 68
36 68
61 70
21 86
48 68
55 68
56 68
66 69
27 115
9 69
60 77
84 114
55 148
73 141
15 69
51 145
65 70
8 70
41 123
90 130
50 70
117 119
12 73
16 91
124 147
20 71
117 126
22 71
56 71
28 135
3 72
57 83
37 72
7 72
41 138
70 74
49 72
7 136
50 72
80 120
23 82
101 140
3 73
79 98
116 145
11 73
77 81
46 75
51 75
24 75
26 75
43 147
68 76
88 127
9 76
0 93
17 76
53 76
33 77
65 77
2 77
3 77
60 79
10 77
44 77
48 84
55 85
55 89
47 123
92 111
18 139
55 78
71 79
10 79
74 79
13 106
86 110
33 80
24 115
95 99
37 80
41 80
42 80
39 114
36 81
44 117
40 81
97 146
123 132
89 138
42 81
12 81
65 82
57 110
67 82
9 82
42 82
76 82
60 111
32 83
4 83
43 116
37 84
29 92
10 84
109 144
23 112
48 94
70 87
1 88
70 88
76 89
4 146
9 106
77 88
81 88
83 91
49 139
7 89
98 142
34 91
72 91
9 91
41 91
95 120
91 95
34 92
35 92
70 92
49 98
74 92
73 143
18 92
21 92
24 92
32 93
67 93
71 95
51 135
78 95
48 95
18 95
82 95
54 95
58 96
64 96
75 100
69 106
11 134
41 103
87 96
96 97
3 97
95 118
8 97
72 97
69 98
73 98
43 98
63 122
73 99
56 110
89 103
142 143
69 100
28 133
27 131
35 101
11 118
37 101
7 101
39 101
90 102
51 112
80 101
91 101
96 102
47 117
4 102
110 147
112 139
71 147
74 102
85 102
53 102
92 104
93 135
88 140
84 117
29 105
13 138
33 104
65 104
3 104
4 104
101 104
103 136
76 104
45 104
78 104
59 135
98 105
31 107
11 123
104 105
73 105
101 138
43 105
43 134
86 137
32 106
99 107
122 130
8 107
119 125
47 107
49 107
50 107
85 107
98 108
118 147
102 108
25 110
74 108
64 109
4 109
100 109
102 109
72 109
77 109
103 140
4 110
17 134
77 110
15 110
16 110
80 110
70 116
35 111
76 128
19 114
44 111
80 111
12 117
19 111
34 118
53 111
21 111
2 112
101 112
73 112
44 112
77 112
31 113
1 113
89 134
102 113
7 113
73 113
76 113
109 113
46 113
2 114
3 114
103 138
118 119
9 129
14 115
16 115
1 116
65 116
36 117
70 117
71 117
9 117
11 117
1 118
64 118
52 133
70 119
77 145
13 119
50 119
33 120
100 120
101 120
102 120
10 120
108 120
13 120
60 145
23 141
66 122
68 122
44 122
2 123
98 123
79 124
16 124
52 124
25 124
91 124
62 124
31 124
9 125
52 125
116 125
116 131
88 132
96 126
32 126
99 126
9 126
26 140
39 127
43 127
107 127
13 127
45 127
79 127
16 127
52 127
33 128
2 128
3 128
66 129
102 129
9 143
98 130
66 130
99 130
37 130
71 130
42 130
77 130
109 130
82 130
84 130
121 130
37 131
38 131
103 131
74 131
44 131
77 131
51 131
130 132
51 138
101 132
6 132
106 132
76 132
120 137
116 132
96 133
115 143
32 133
33 133
34 133
5 133
70 133
104 133
73 133
15 133
83 133
32 134
64 134
67 134
4 134
133 134
79 145
33 135
134 135
0 135
45 135
112 142
15 135
35 137
71 137
73 137
96 139
97 139
125 146
68 139
132 141
100 143
6 143
135 143
8 143
131 144
128 146
5 147
68 147
133 147
39 147
72 148
41 148
140 148
111 148
112 148
81 148
51 148
33 149
100 149
68 149
6 149
38 149
107 149
43 149
14 149
111 149
112 149
81 149
115 149
54 149
31 149
175 195
262 266
159 224
234 270
172 223
200 239
162 227
161 163
264 280
160 150
160 186
179 198
165 169
181 279
155 161
160 286
177 202
158 161
211 222
177 248
181 183
166 264
243 248
222 295
170 232
155 169
157 163
176 211
164 250
181 266
170 264
210 271
204 239
207 268
159 164
164 194
174 221
239 275
169 186
205 220
179 183
210 219
181 184
177 215
150 196
156 168
163 224
169 182
244 265
213 268
201 290
162 167
156 173
242 256
213 273
233 295
191 262
164 196
165 201
262 281
173 226
165 256
164 175
177 191
233 258
181 190
276 280
179 187
156 253
167 205
153 170
241 251
212 294
205 209
175 238
181 201
203 211
205 295
158 171
165 171
160 171
265 284
177 220
164 192
152 172
155 172
180 199
159 189
241 279
169 294
232 268
171 265
230 282
207 233
231 281
244 249
160 174
203 223
165 264
232 265
156 181
150 194
157 175
196 204
190 231
191 199
173 293
151 176
152 176
150 189
161 176
245 246
172 208
171 208
207 238
168 252
171 239
234 281
201 223
206 266
171 183
155 178
172 237
150 297
160 178
173 201
210 225
191 193
200 243
187 290
181 187
219 232
163 185
176 254
201 247
171 179
170 225
159 226
200 252
160 180
285 286
165 188
196 211
276 281
181 200
179 206
158 194
212 289
154 183
181 282
202 232
151 184
199 200
211 217
233 259
271 276
197 208
169 187
176 187
225 269
182 188
177 197
212 268
257 263
234 236
225 262
151 189
233 239
187 189
237 270
151 190
161 268
179 210
226 253
159 194
165 190
170 190
171 190
163 256
179 209
172 298
211 293
158 191
210 252
245 275
275 287
212 246
173 212
207 213
201 209
239 270
233 266
151 193
185 193
176 216
176 258
185 194
191 206
189 194
169 281
204 220
271 277
188 195
189 195
270 275
233 287
218 227
207 277
193 226
154 217
186 269
178 278
175 208
181 243
171 214
165 204
192 197
212 264
239 284
240 254
154 198
156 198
171 205
207 245
193 198
166 232
182 201
152 201
236 263
187 201
208 242
193 201
277 278
186 202
206 215
208 298
199 218
204 276
157 213
164 253
151 204
204 252
191 231
196 225
154 205
171 206
198 205
183 206
153 206
202 231
177 216
163 208
179 257
243 259
165 208
151 209
291 297
206 222
227 282
188 232
154 210
173 213
163 210
208 229
182 291
202 210
174 210
207 210
176 210
205 287
182 211
161 226
260 266
186 250
194 233
191 211
192 211
229 265
225 243
158 212
213 259
244 259
204 285
162 213
177 230
230 237
184 214
152 214
174 223
238 291
167 231
166 215
198 215
164 227
207 244
215 216
188 269
189 216
190 216
210 296
206 257
166 216
195 271
214 218
175 298
204 225
201 230
214 219
183 219
168 241
285 294
168 230
176 294
198 219
200 219
205 219
175 219
242 250
187 220
175 234
152 221
243 279
154 221
218 221
191 221
202 247
163 221
203 221
258 263
178 275
150 227
174 289
197 222
166 222
198 261
158 223
237 257
154 224
178 292
188 224
261 288
182 225
259 264
205 257
193 225
195 225
180 255
185 226
217 226
211 273
162 228
186 228
184 229
187 229
234 285
163 231
172 261
176 246
171 229
214 230
274 283
194 294
156 230
157 230
198 285
232 289
157 231
183 234
152 234
186 234
229 240
153 235
217 235
157 235
224 235
150 235
227 235
184 283
205 235
174 239
164 236
245 295
156 237
157 237
210 273
195 237
172 297
208 265
216 238
153 238
189 238
164 238
228 238
199 295
183 239
185 239
236 270
157 239
221 290
204 256
226 268
239 273
288 294
217 241
191 241
192 241
208 249
199 254
158 249
185 242
186 242
188 242
189 242
191 242
193 242
235 281
195 242
229 242
200 242
233 242
182 243
216 243
184 243
186 243
199 262
219 244
163 294
156 244
159 244
226 286
224 244
202 244
170 244
177 245
214 245
160 268
237 248
235 272
254 271
165 245
230 245
167 245
211 292
220 246
157 246
191 246
192 246
226 246
229 246
272 289
182 247
180 283
187 247
188 247
223 247
225 247
194 247
231 294
209 272
194 263
213 296
189 248
222 248
192 248
288 297
262 295
193 270
167 279
214 249
182 249
156 268
232 277
215 250
218 250
246 251
216 251
159 251
231 251
181 263
178 274
266 295
243 256
239 251
240 251
177 251
186 252
223 252
169 285
197 252
229 252
166 252
184 253
185 253
236 271
256 297
166 254
266 289
216 255
197 281
167 255
162 256
190 256
246 257
250 257
219 257
167 258
211 272
217 258
213 297
176 288
175 295
188 258
204 297
224 258
192 258
167 264
214 259
189 260
158 260
190 260
159 260
241 287
258 260
178 279
170 260
203 260
175 283
228 284
243 260
179 260
212 260
245 278
158 261
162 262
158 283
274 292
252 262
162 263
153 263
195 264
212 281
214 265
202 285
248 265
187 265
259 265
163 265
187 266
167 288
150 266
246 267
162 267
247 267
184 267
185 267
158 269
158 267
194 267
195 267
197 267
230 267
263 267
168 267
217 284
207 267
225 283
251 268
153 269
221 283
250 270
156 270
188 270
152 271
185 271
221 271
157 271
162 272
192 272
180 276
150 272
259 272
156 273
159 273
255 273
263 284
227 273
265 286
247 274
153 274
271 287
188 274
189 274
221 274
205 290
195 274
293 295
154 275
170 283
223 275
255 275
184 290
294 296
269 275
151 276
185 276
217 276
275 277
158 276
272 277
206 291
264 276
265 276
202 276
203 276
159 277
194 277
227 277
246 278
183 278
251 278
163 282
230 284
224 278
229 278
171 278
172 278
207 278
157 279
205 293
192 279
198 279
246 280
160 288
152 284
197 280
162 281
278 281
154 281
187 281
225 281
163 281
214 282
218 282
223 282
192 282
162 283
242 298
166 291
151 285
185 285
250 285
283 285
252 285
190 285
160 285
259 285
195 285
261 285
216 286
247 287
219 287
156 287
189 287
183 288
284 288
187 289
285 289
225 289
261 289
230 289
247 292
223 292
255 292
224 292
257 292
202 294
267 292
203 292
238 292
174 292
270 292
155 293
188 293
258 293
226 293
163 293
230 293
168 293
202 293
217 294
282 295
155 295
254 295
286 295
158 295
215 296
217 296
187 296
223 296
191 296
196 296
156 297
278 298
258 298
259 298
163 298
231 298
296 298
234 298
162 299
246 299
155 299
285 299
196 299
165 299
264 299
234 299
204 299
271 299
176 299
212 299
66 253
12 289
2 158
