315
0 1
0 2
273 307
288 15
1 4
35 15
4 5
2 6
306 307
6 7
5 8
7 8
4 9
5 10
9 10
8 11
10 11
6 12
7 13
12 13
8 14
13 14
63 35
286 63
9 16
10 17
16 17
11 18
17 18
99 63
18 19
12 20
13 21
20 21
14 22
21 22
287 35
22 23
19 24
23 24
16 25
17 26
25 26
18 27
26 27
19 28
27 28
24 29
28 29
20 30
21 31
30 31
22 32
31 32
23 33
32 33
24 34
33 34
143 99
284 143
25 36
26 37
36 37
27 38
37 38
28 39
38 39
29 40
39 40
195 143
40 41
30 42
31 43
42 43
32 44
43 44
33 45
44 45
34 46
45 46
285 99
46 47
41 48
47 48
36 49
37 50
49 50
38 51
50 51
39 52
51 52
40 53
52 53
41 54
53 54
48 55
54 55
42 56
43 57
56 57
44 58
57 58
45 59
58 59
46 60
59 60
47 61
60 61
48 62
61 62
255 195
282 255
49 64
50 65
64 65
51 66
65 66
52 67
66 67
53 68
67 68
54 69
68 69
55 70
69 70
3 255
70 71
56 72
57 73
72 73
58 74
73 74
59 75
74 75
60 76
75 76
61 77
76 77
62 78
77 78
283 195
78 79
71 80
79 80
64 81
65 82
81 82
66 83
82 83
67 84
83 84
68 85
84 85
69 86
85 86
70 87
86 87
71 88
87 88
80 89
88 89
72 90
73 91
90 91
74 92
91 92
75 93
92 93
76 94
93 94
77 95
94 95
78 96
95 96
79 97
96 97
80 98
97 98
314 3
280 314
81 100
82 101
100 101
83 102
101 102
84 103
102 103
85 104
103 104
86 105
104 105
87 106
105 106
88 107
106 107
89 108
107 108
313 314
108 109
90 110
91 111
110 111
92 112
111 112
93 113
112 113
94 114
113 114
95 115
114 115
96 116
115 116
97 117
116 117
98 118
117 118
281 3
118 119
109 120
119 120
100 121
101 122
121 122
102 123
122 123
103 124
123 124
104 125
124 125
105 126
125 126
106 127
126 127
107 128
127 128
108 129
128 129
109 130
129 130
120 131
130 131
110 132
111 133
132 133
112 134
133 134
113 135
134 135
114 136
135 136
115 137
136 137
116 138
137 138
117 139
138 139
118 140
139 140
119 141
140 141
120 142
141 142
312 313
278 312
121 144
122 145
144 145
123 146
145 146
124 147
146 147
125 148
147 148
126 149
148 149
127 150
149 150
128 151
150 151
129 152
151 152
130 153
152 153
131 154
153 154
311 312
154 155
132 156
133 157
156 157
134 158
157 158
135 159
158 159
136 160
159 160
137 161
160 161
138 162
161 162
139 163
162 163
140 164
163 164
141 165
164 165
142 166
165 166
279 313
166 167
155 168
167 168
144 169
145 170
169 170
146 171
170 171
147 172
171 172
148 173
172 173
149 174
173 174
150 175
174 175
151 176
175 176
152 177
176 177
153 178
177 178
154 179
178 179
155 180
179 180
168 181
180 181
156 182
157 183
182 183
158 184
183 184
159 185
184 185
160 186
185 186
161 187
186 187
162 188
187 188
163 189
188 189
164 190
189 190
165 191
190 191
166 192
191 192
167 193
192 193
168 194
193 194
310 311
276 310
169 196
170 197
196 197
171 198
197 198
172 199
198 199
173 200
199 200
174 201
200 201
175 202
201 202
176 203
202 203
177 204
203 204
178 205
204 205
179 206
205 206
180 207
206 207
181 208
207 208
309 310
208 209
182 210
183 211
210 211
184 212
211 212
185 213
212 213
186 214
213 214
187 215
214 215
188 216
215 216
189 217
216 217
190 218
217 218
191 219
218 219
192 220
219 220
193 221
220 221
194 222
221 222
277 311
222 223
209 224
223 224
196 225
197 226
225 226
198 227
226 227
199 228
227 228
200 229
228 229
201 230
229 230
202 231
230 231
203 232
231 232
204 233
232 233
205 234
233 234
206 235
234 235
207 236
235 236
208 237
236 237
209 238
237 238
224 239
238 239
210 240
211 241
240 241
212 242
241 242
213 243
242 243
214 244
243 244
215 245
244 245
216 246
245 246
217 247
246 247
218 248
247 248
219 249
248 249
220 250
249 250
221 251
250 251
222 252
251 252
223 253
252 253
224 254
253 254
308 309
274 308
225 256
226 257
256 257
227 258
257 258
228 259
258 259
229 260
259 260
230 261
260 261
231 262
261 262
232 263
262 263
233 264
263 264
234 265
264 265
235 266
265 266
236 267
266 267
237 268
267 268
238 269
268 269
239 270
269 270
307 308
270 271
240 272
241 273
272 273
242 274
273 274
243 275
274 275
244 276
275 276
245 277
276 277
246 278
277 278
247 279
278 279
248 280
279 280
249 281
280 281
250 282
281 282
251 283
282 283
252 284
283 284
253 285
284 285
254 286
285 286
275 309
286 287
271 288
287 288
256 289
257 290
289 290
258 291
290 291
259 292
291 292
260 293
292 293
261 294
293 294
262 295
294 295
263 296
295 296
264 297
296 297
265 298
297 298
266 299
298 299
267 300
299 300
268 301
300 301
269 302
301 302
270 303
302 303
271 304
303 304
288 305
304 305
272 306
