301
0 1
0 2
2 3
0 4
1 5
1 6
3 7
1 8
7 9
0 10
7 11
6 12
3 13
1 14
14 15
3 16
13 17
13 18
13 19
0 20
13 21
2 22
9 23
7 24
8 25
9 26
5 27
7 28
14 29
1 30
16 31
0 32
5 33
4 34
14 35
26 36
10 37
27 38
30 39
28 40
1 41
13 42
26 43
22 44
3 45
6 46
33 47
24 48
11 49
6 50
20 51
45 52
45 53
5 54
24 55
24 56
33 57
0 58
14 59
38 60
8 61
13 62
16 63
24 64
54 65
26 66
3 67
60 68
54 69
30 70
13 71
33 72
2 73
67 74
30 75
8 76
20 77
38 78
0 79
33 80
41 81
30 82
13 83
13 84
22 85
6 86
14 87
8 88
14 89
73 90
0 91
79 92
7 93
73 94
23 95
10 96
7 97
95 98
8 99
79 100
67 101
9 102
58 103
68 104
8 105
67 106
102 107
2 108
108 109
5 110
5 111
30 112
28 113
14 114
8 115
9 116
1 117
102 118
13 119
22 120
6 121
110 122
0 123
54 124
11 125
38 126
28 127
8 128
28 129
67 130
27 131
91 132
16 133
4 134
2 135
67 136
68 137
23 138
68 139
79 140
4 141
38 142
117 143
2 144
23 145
30 146
60 147
98 148
38 149
111 150
20 151
126 152
45 153
131 154
144 155
108 156
68 157
41 158
78 159
7 160
2 161
91 162
30 163
157 164
32 165
68 166
123 167
144 168
93 169
30 170
68 171
16 172
33 173
135 174
16 175
32 176
23 177
20 178
142 179
171 180
160 181
32 182
23 183
147 184
95 185
108 186
142 187
145 188
38 189
139 190
117 191
0 192
192 193
73 194
135 195
54 196
160 197
45 198
138 199
54 200
142 201
11 202
192 203
24 204
9 205
161 206
54 207
9 208
93 209
123 210
24 211
177 212
68 213
27 214
4 215
79 216
0 217
68 218
73 219
10 220
104 221
79 222
214 223
102 224
149 225
1 226
221 227
160 228
58 229
185 230
3 231
78 232
231 233
161 234
208 235
23 236
139 237
177 238
98 239
185 240
226 241
108 242
38 243
45 244
73 245
148 246
41 247
111 248
91 249
5 250
60 251
110 252
126 253
145 254
67 255
145 256
123 257
9 258
30 259
91 260
6 261
98 262
108 263
221 264
205 265
104 266
239 267
27 268
144 269
41 270
139 271
67 272
139 273
205 274
166 275
243 276
67 277
116 278
23 279
258 280
258 281
131 282
214 283
131 284
97 285
102 286
54 287
138 288
2 289
28 290
171 291
135 292
28 293
218 294
183 295
4 296
239 297
2 298
251 299
67 300
