500
50 170
30 208
73 102
128 166
31 35
57 114
18 110
109 152
20 45
82 222
81 108
28 91
50 234
15 30
12 239
9 20
85 118
158 239
28 103
28 46
54 231
29 45
37 49
198 200
20 58
10 15
0 16
114 181
0 14
17 20
17 27
124 247
191 228
152 230
59 87
14 19
26 66
28 222
25 37
6 89
30 71
127 224
88 239
23 27
124 237
147 167
24 92
15 182
31 41
22 66
30 35
39 168
20 67
57 208
133 198
53 176
156 162
56 74
2 18
186 219
46 96
78 120
76 108
124 241
73 107
58 155
27 95
6 65
116 235
157 211
42 56
70 163
66 166
153 191
28 34
25 223
127 205
124 219
17 120
130 166
31 237
24 166
28 150
50 156
118 168
10 109
2 23
19 34
5 23
17 49
24 157
28 59
46 102
20 59
46 99
16 212
49 99
26 186
4 192
27 226
91 187
51 210
118 184
47 133
4 25
22 60
48 206
0 36
25 40
11 36
20 42
84 173
62 73
95 189
23 231
24 243
26 29
85 92
21 68
6 28
22 243
59 209
26 114
53 231
62 63
41 109
51 102
144 223
24 139
156 201
52 57
10 31
90 111
40 181
3 33
0 53
14 72
147 210
20 149
12 33
18 54
27 114
77 106
61 129
64 179
4 171
67 81
39 163
120 155
16 35
31 83
24 207
26 35
127 159
95 227
171 207
5 36
33 37
54 177
58 170
29 109
91 226
15 107
27 65
152 169
188 220
213 214
81 102
38 92
153 219
20 184
1 159
10 115
124 126
52 121
78 93
110 203
149 211
25 190
112 241
51 60
214 233
205 206
31 67
26 49
20 105
187 212
22 84
50 207
94 180
92 117
31 42
3 42
137 152
49 64
3 67
94 149
60 190
57 190
45 76
188 228
84 99
42 43
188 236
45 172
17 213
37 44
47 48
51 231
55 233
22 148
106 175
141 182
24 208
35 45
0 169
15 97
37 45
7 45
30 67
30 128
44 191
46 175
43 45
86 91
34 46
93 127
39 46
18 107
92 118
93 224
30 142
146 200
61 127
181 204
22 121
76 157
3 48
45 53
11 48
99 103
15 193
84 87
52 87
4 81
112 222
7 50
148 204
43 73
44 70
11 51
60 203
25 64
62 83
55 99
91 151
24 102
59 108
89 150
38 55
126 201
56 111
51 55
187 242
38 56
150 180
35 57
26 74
7 57
0 57
10 89
190 244
47 57
41 157
3 58
53 189
44 215
8 58
40 58
19 173
49 58
4 59
130 151
81 162
45 59
127 134
90 147
40 60
157 162
34 61
29 122
33 62
3 62
125 128
11 62
60 74
58 183
14 62
25 161
48 135
18 181
25 151
35 63
73 229
18 214
143 167
80 108
25 63
91 97
48 144
26 112
8 164
180 248
32 65
67 235
16 104
77 114
29 209
30 104
43 158
30 172
113 202
88 134
16 140
38 71
105 198
9 234
30 118
91 145
33 72
93 133
4 72
91 157
56 93
68 72
140 147
79 127
7 72
86 100
80 99
50 161
30 165
5 73
102 236
40 99
185 228
22 74
21 78
156 227
20 175
222 232
57 207
93 116
119 168
72 77
93 153
53 77
186 189
64 78
164 191
28 182
38 78
175 229
48 78
86 113
19 78
87 93
45 89
30 101
7 192
139 180
24 79
71 81
77 170
17 154
34 82
67 157
71 82
91 128
133 200
58 132
85 135
79 82
157 222
125 216
60 98
61 205
63 226
22 176
134 191
152 205
2 85
5 85
38 85
41 85
13 85
120 184
8 107
52 85
87 169
35 86
13 86
44 86
22 86
113 164
23 97
0 87
29 248
49 87
108 122
9 208
56 129
77 182
24 158
26 119
51 88
54 120
21 88
72 90
91 125
74 175
116 166
54 102
123 219
177 202
49 120
11 91
118 137
13 91
54 164
93 122
55 122
48 156
1 93
122 133
45 127
60 101
76 94
196 212
48 94
41 234
206 213
40 95
70 122
43 95
123 185
49 95
94 196
186 229
144 229
157 169
26 206
11 96
121 216
42 96
85 104
88 109
80 168
4 97
63 157
188 245
90 183
181 221
76 97
160 166
49 185
35 98
3 158
44 98
12 98
11 102
64 99
66 99
123 143
39 99
88 143
128 200
38 100
95 178
74 100
31 122
50 100
157 170
124 172
81 135
220 227
11 101
105 171
16 230
86 150
23 247
42 107
22 101
51 206
56 101
54 111
123 128
67 102
15 127
25 119
3 103
0 197
97 104
85 236
7 157
10 104
122 160
74 105
14 214
113 248
185 202
63 113
95 110
119 130
4 107
59 203
1 108
149 204
35 108
122 217
71 108
11 108
117 204
64 109
157 160
98 109
121 217
144 147
96 110
171 212
87 173
37 110
153 225
72 110
44 169
98 111
34 111
185 242
112 138
37 111
69 111
30 218
30 198
104 111
45 111
199 238
125 205
156 222
7 112
70 112
213 246
48 112
60 112
41 192
143 168
95 195
87 235
54 118
15 113
79 172
2 114
175 215
32 115
33 115
171 172
25 236
16 166
133 151
66 116
15 140
7 116
42 163
40 122
49 148
156 245
4 117
100 117
36 117
102 117
29 134
90 119
1 118
33 118
68 118
69 118
35 152
32 119
211 237
209 212
103 120
103 121
40 121
74 151
3 122
36 122
23 149
137 230
102 124
8 124
163 179
11 149
26 124
34 198
104 125
106 125
3 149
187 193
94 192
63 233
16 175
96 126
14 175
99 159
40 126
42 126
110 126
212 230
93 241
115 126
67 127
102 127
122 219
98 128
35 128
68 128
47 221
13 128
63 218
118 128
86 128
39 223
88 128
56 128
99 129
35 129
107 129
112 129
102 158
146 175
71 131
113 152
92 136
88 200
102 238
117 131
94 227
40 132
77 132
15 132
188 196
34 133
98 133
43 134
109 134
78 134
115 214
38 135
52 144
3 136
27 225
41 136
81 142
6 137
9 153
81 137
61 165
20 137
71 234
97 138
67 192
72 138
148 238
146 193
131 139
133 139
59 176
112 139
19 139
106 140
77 140
4 141
25 141
84 237
107 153
107 141
106 179
140 141
45 141
12 141
83 141
100 142
53 201
12 142
117 142
89 209
72 178
43 221
153 226
179 211
243 248
86 143
104 181
85 143
69 144
41 144
139 144
61 246
120 177
88 159
82 153
15 145
112 145
48 145
56 167
64 146
2 146
7 146
71 146
135 146
137 146
63 148
96 147
28 155
103 147
13 147
105 147
73 147
35 148
144 206
138 148
128 153
202 208
38 153
137 153
20 210
158 171
187 223
125 179
144 154
16 154
150 230
130 155
0 234
40 155
115 197
109 155
116 155
85 155
55 155
119 155
96 160
15 177
69 160
21 169
75 160
109 160
63 199
120 237
81 160
76 201
95 199
86 160
88 160
130 161
40 161
164 221
74 161
43 161
107 161
75 161
91 177
99 162
45 162
78 162
1 163
100 163
38 163
96 165
167 171
7 165
60 182
140 165
78 165
116 247
11 192
148 183
113 193
118 165
81 170
119 165
23 165
88 165
90 165
154 165
150 237
100 169
6 169
38 169
136 169
34 170
36 170
169 170
106 170
140 170
88 179
10 191
1 172
128 172
96 172
2 172
156 226
99 172
71 172
119 235
23 194
175 239
6 173
12 182
170 174
28 174
65 175
129 175
25 211
132 175
133 175
169 175
9 175
96 176
67 176
36 176
103 176
72 176
138 176
9 176
15 176
216 247
2 177
66 177
102 177
163 178
2 180
134 180
8 180
101 181
157 184
35 182
102 182
7 182
135 182
32 183
96 184
98 184
68 184
155 195
83 245
173 184
144 184
207 221
148 205
74 185
76 185
81 185
2 186
34 186
131 186
163 186
62 204
167 186
13 186
48 186
34 187
3 187
174 192
23 205
170 187
14 187
113 187
17 187
178 187
21 187
149 187
185 187
155 187
169 188
116 246
109 188
142 188
169 197
79 188
149 188
55 188
186 188
93 188
128 189
164 189
70 189
103 189
137 189
125 194
122 247
174 189
82 189
116 189
64 190
36 190
170 190
176 190
55 203
115 190
32 191
66 192
1 193
129 193
97 193
3 193
0 230
169 193
171 193
175 193
96 194
84 205
67 194
35 194
69 194
70 194
105 194
73 194
137 194
47 194
186 235
177 194
116 194
95 211
160 195
96 195
65 195
193 195
69 195
39 195
71 195
11 195
73 195
83 195
57 216
153 195
26 195
137 207
131 196
173 196
27 196
161 197
151 222
162 197
150 217
128 199
194 199
68 199
208 214
221 224
14 199
61 231
54 199
201 238
152 199
121 199
1 200
100 201
134 201
103 201
137 201
97 202
196 202
164 202
84 203
144 202
18 237
7 203
202 203
93 233
198 204
78 243
108 204
211 240
131 205
147 205
161 206
168 239
193 206
101 206
107 243
181 217
203 206
172 206
193 207
35 207
68 207
196 207
103 207
91 217
162 208
191 242
60 242
131 209
6 209
135 209
169 209
73 209
12 209
46 209
207 209
20 209
86 245
119 209
121 209
192 210
98 210
36 210
133 210
104 210
76 243
139 210
194 211
5 211
39 211
188 238
209 211
96 213
5 213
37 213
165 213
198 213
102 213
38 213
168 213
107 213
10 213
124 242
192 214
139 214
101 215
198 215
72 215
43 215
129 216
104 216
136 216
17 216
98 217
59 228
132 217
147 217
83 217
99 218
198 218
8 218
201 218
138 218
62 222
117 218
149 218
26 218
91 218
130 219
37 219
102 219
201 219
105 219
78 230
210 219
160 220
33 220
3 220
131 220
101 220
207 220
81 220
23 220
151 220
185 220
35 221
96 222
70 222
39 222
210 226
171 222
44 222
207 222
130 223
71 223
62 228
164 224
196 224
136 224
49 224
145 224
213 224
183 224
203 225
43 225
141 225
206 225
22 225
24 225
102 226
134 226
138 226
172 226
208 226
145 226
114 226
167 227
14 227
82 227
214 227
154 227
123 227
131 228
166 228
7 228
134 228
123 230
177 228
117 228
216 228
25 228
129 229
100 229
229 230
11 230
199 230
161 231
98 231
130 231
40 231
76 231
122 236
98 232
163 232
196 232
104 232
74 232
14 232
206 232
48 232
49 232
51 232
119 232
122 232
60 232
32 233
193 233
85 237
106 233
142 233
174 233
192 234
1 235
226 236
195 236
60 237
141 237
207 237
112 237
209 237
218 242
224 239
130 240
66 240
37 240
172 240
227 241
231 241
232 241
233 241
110 241
1 242
68 242
51 245
233 242
44 242
144 242
114 242
210 242
54 242
182 242
22 242
35 243
231 243
105 243
164 244
140 244
237 244
142 244
185 244
217 244
186 244
204 245
78 245
238 245
209 245
146 245
132 246
70 246
71 246
1 247
68 247
236 247
204 247
48 247
161 248
226 248
136 248
13 248
160 249
199 249
10 249
45 249
78 249
147 249
21 249
248 249
124 249
304 334
250 270
262 474
366 448
311 412
269 408
296 392
341 342
310 381
343 457
372 477
408 493
280 339
359 408
345 415
322 395
262 343
380 431
357 447
418 467
256 458
414 445
395 412
345 433
311 444
280 285
286 414
267 332
263 264
277 323
308 358
267 270
272 377
361 424
313 454
331 439
266 480
257 265
356 411
379 424
377 378
341 348
307 320
336 412
254 266
345 380
257 266
311 439
373 387
467 491
275 277
459 466
307 487
305 319
259 309
276 284
262 349
266 272
299 359
268 356
267 279
293 344
274 470
273 276
270 480
434 498
272 378
256 269
304 475
291 302
277 299
313 320
302 401
283 315
264 273
370 398
298 474
280 366
294 306
264 386
273 295
304 345
274 289
299 330
333 341
432 493
268 291
272 417
272 337
273 274
302 333
407 484
338 415
434 494
327 467
324 333
373 443
369 418
268 307
268 377
308 351
373 425
434 443
355 444
278 463
333 483
405 489
303 443
458 465
285 406
374 462
319 431
261 408
310 408
280 468
274 321
251 277
279 410
334 368
272 306
281 417
344 354
269 279
311 389
342 457
335 450
408 476
440 489
267 341
426 465
366 388
406 433
274 336
274 387
367 420
310 328
265 280
419 478
397 476
322 357
374 409
344 463
274 290
356 383
271 494
394 410
273 336
308 330
281 356
307 337
278 292
311 388
268 285
270 355
271 307
338 346
312 317
290 315
254 286
271 306
295 395
298 301
266 309
265 287
266 299
256 288
262 344
307 476
405 418
365 485
275 475
353 449
283 337
331 380
359 365
284 459
388 415
264 295
287 333
369 464
250 290
280 355
281 427
283 291
307 310
313 463
260 291
264 291
322 416
265 399
340 343
302 377
254 293
311 443
377 484
313 363
299 331
308 457
345 379
371 402
288 294
259 372
418 485
367 453
375 484
342 442
274 328
258 295
260 295
399 494
371 375
401 428
323 351
299 310
281 396
363 372
255 296
433 468
261 296
279 363
269 323
257 329
431 441
309 369
278 419
274 356
272 301
274 400
405 475
301 430
335 434
258 362
290 302
284 303
296 324
462 489
362 466
361 394
394 489
291 303
275 367
267 361
465 494
402 498
400 414
358 376
350 466
302 332
377 424
312 333
342 392
280 305
306 314
267 304
299 304
276 326
300 467
457 467
277 475
261 357
292 305
258 315
273 406
309 318
277 390
278 443
340 410
405 471
272 382
459 469
274 327
365 371
401 456
259 306
305 351
258 310
270 487
262 310
276 463
264 379
328 377
283 411
328 396
312 376
302 315
440 471
283 313
305 360
285 313
374 387
280 382
357 362
279 331
339 413
270 313
438 498
254 314
273 332
268 360
359 488
274 480
268 369
370 428
290 316
292 388
285 349
290 317
304 371
282 459
338 428
267 317
284 318
271 325
258 485
412 414
259 318
277 358
363 424
253 319
277 341
263 319
279 475
340 374
296 325
282 320
315 320
313 414
255 320
263 320
332 380
274 346
269 320
337 451
333 461
250 429
295 321
296 321
434 438
314 322
260 444
285 322
423 452
331 410
425 483
261 324
269 348
444 495
425 430
281 341
278 408
275 408
295 326
377 476
284 327
302 361
309 359
460 469
327 459
336 395
271 327
340 422
304 420
305 454
327 328
270 328
298 461
321 330
304 402
324 330
398 480
326 330
270 366
259 331
324 331
325 331
251 337
286 332
368 497
255 458
313 340
291 332
409 468
330 416
407 446
276 344
255 333
312 389
317 334
368 441
342 447
257 334
280 394
401 420
254 415
333 334
372 453
286 335
300 451
271 348
281 404
262 411
272 392
340 391
301 452
363 385
304 336
318 423
286 338
448 449
460 490
326 338
267 338
281 463
406 456
394 399
309 413
312 475
261 340
327 340
281 462
271 340
336 340
272 340
406 427
287 368
403 430
325 341
328 478
421 493
376 378
273 356
299 380
300 379
353 386
252 343
265 452
401 427
254 343
252 344
363 439
319 344
256 344
323 483
254 345
345 421
312 357
398 466
319 346
312 469
275 436
327 346
312 374
268 346
370 478
281 367
257 347
307 488
324 357
432 483
276 457
277 391
255 348
257 348
309 364
274 437
289 408
331 394
316 349
260 400
329 423
305 393
321 350
314 351
283 351
315 351
264 378
278 478
344 445
291 351
266 399
252 352
343 396
254 352
275 459
345 442
405 429
302 413
344 380
300 352
308 363
336 369
368 421
325 353
373 391
268 353
306 426
251 431
346 354
396 423
329 379
352 354
275 497
306 482
351 406
266 469
316 357
254 357
365 366
263 357
465 492
374 424
323 358
291 358
409 477
312 369
317 359
302 386
255 359
311 364
407 491
341 422
415 416
258 360
354 360
252 361
408 496
343 442
309 403
426 458
292 467
264 361
328 361
347 362
430 454
352 458
273 437
318 364
260 364
302 364
314 365
253 365
310 416
279 438
404 481
288 366
309 459
296 366
266 366
343 433
437 473
408 463
322 367
277 488
275 490
308 369
346 369
371 376
321 370
356 370
296 370
437 455
315 371
284 371
336 492
361 392
366 426
330 371
364 371
396 430
254 372
338 484
263 432
290 372
280 497
264 373
376 411
329 373
331 373
403 485
372 470
262 432
250 374
325 374
293 374
268 493
437 446
333 374
335 374
359 375
340 382
257 376
353 376
322 376
259 376
260 376
315 461
356 377
250 377
329 415
315 378
348 378
387 452
340 484
290 378
344 480
285 380
287 380
289 380
352 381
408 451
291 381
259 381
325 381
250 381
261 381
281 405
335 381
309 449
312 415
285 445
430 473
284 382
381 382
255 382
351 382
305 418
301 382
260 399
336 382
331 447
382 384
383 384
307 475
424 454
474 483
285 467
347 385
380 385
318 385
315 386
379 386
252 386
275 478
351 386
254 387
317 387
322 387
373 447
408 483
468 476
297 493
437 480
256 389
354 389
387 389
435 443
302 389
367 389
435 498
363 390
336 390
371 390
270 426
309 390
382 391
263 401
263 391
394 423
307 420
335 391
310 474
274 406
278 437
434 461
436 453
307 444
332 411
296 393
378 394
346 395
379 395
366 441
373 414
318 395
311 433
379 396
303 423
295 400
296 406
357 396
381 459
391 396
292 429
403 414
429 436
322 397
391 397
393 397
352 414
334 397
270 397
366 397
406 413
263 398
259 398
369 481
389 398
303 411
375 451
376 464
251 400
343 454
399 444
315 401
382 401
379 402
350 402
320 402
438 464
292 402
260 402
369 447
256 461
271 405
389 406
321 403
294 403
262 403
394 403
333 403
367 403
303 403
344 446
434 458
344 436
261 404
268 404
366 404
337 461
339 404
342 498
325 405
391 405
330 405
405 427
380 406
484 495
383 407
307 457
321 407
353 407
290 407
250 407
339 497
254 408
382 408
352 409
357 409
327 409
362 409
395 409
259 489
348 410
340 425
255 410
259 410
391 410
405 465
342 435
276 413
389 413
358 413
269 413
425 487
283 417
408 477
470 482
260 417
351 431
430 444
393 417
468 482
395 417
268 417
396 417
376 463
456 465
411 418
384 481
350 418
287 418
384 418
386 418
267 420
399 433
271 418
321 419
345 440
304 466
281 441
332 419
268 431
369 419
402 419
339 419
378 420
380 420
269 448
290 421
300 421
268 421
365 421
440 442
275 423
416 422
289 422
419 422
292 422
300 422
364 422
250 466
402 443
461 483
360 480
423 425
426 473
332 425
400 425
369 425
275 425
281 432
408 482
255 426
351 426
386 426
394 426
398 469
376 497
417 427
353 427
327 495
369 473
282 428
467 490
371 497
294 428
359 428
395 428
300 428
304 428
329 441
463 481
315 430
405 460
359 430
262 430
399 446
258 444
431 434
351 432
315 433
348 433
413 433
312 455
340 440
357 433
392 433
393 433
266 433
373 450
364 433
396 433
332 433
340 452
366 433
414 434
256 434
418 434
421 434
390 434
298 434
331 434
268 434
300 439
324 444
398 434
251 436
254 436
413 436
273 457
258 436
425 436
423 436
383 437
376 450
406 447
440 444
298 437
365 437
347 438
438 488
319 438
424 438
396 438
397 438
271 438
368 438
251 439
469 486
257 439
386 439
260 439
388 439
358 488
379 440
416 440
386 440
329 458
321 478
289 442
290 442
354 442
291 442
348 443
285 443
340 492
425 443
426 443
394 443
340 494
277 495
291 446
250 446
408 454
354 447
299 495
351 448
419 448
422 448
325 449
421 449
331 448
291 493
442 449
252 449
446 449
251 450
411 450
318 450
348 459
382 450
258 450
410 451
284 451
389 451
424 451
330 451
362 451
378 452
318 452
418 452
346 453
379 453
445 453
446 453
416 453
448 453
384 453
387 453
301 453
333 453
305 456
254 454
386 459
388 454
358 454
315 455
284 455
272 491
350 455
449 455
386 455
391 455
269 455
453 456
294 485
269 494
316 457
317 457
391 457
264 460
330 460
409 487
253 462
309 472
357 462
326 462
327 462
301 462
400 462
309 462
373 462
320 463
384 463
449 463
451 463
293 463
432 463
338 463
448 464
359 464
396 464
270 464
273 464
350 465
325 465
442 466
443 466
315 467
347 468
284 468
286 468
448 468
258 468
387 468
357 468
262 468
361 468
318 469
414 469
320 469
257 469
324 469
455 469
360 469
286 470
323 470
461 470
369 470
256 471
422 471
456 471
300 471
270 471
272 471
433 471
370 471
319 472
257 472
449 472
356 472
421 472
358 472
262 472
300 472
430 472
434 472
339 472
442 473
413 473
415 473
352 473
321 473
357 473
359 473
284 474
406 482
388 474
277 480
448 475
290 475
458 475
427 475
302 475
335 475
336 475
252 476
263 476
387 476
420 476
261 476
298 476
266 476
442 477
383 477
352 477
418 477
452 477
420 477
279 480
359 477
457 477
266 477
363 477
461 477
272 477
337 477
370 477
403 477
339 477
442 478
378 478
260 479
421 479
400 480
367 479
402 479
307 498
462 481
260 480
357 480
423 480
349 481
285 481
331 487
317 482
391 490
257 482
260 482
362 482
459 482
395 482
364 482
273 482
442 484
379 484
316 484
287 484
416 484
354 484
465 485
454 484
478 495
432 484
475 485
317 485
480 485
378 486
443 486
457 486
268 486
275 486
340 486
294 487
261 487
297 487
346 488
314 488
398 492
481 488
450 488
422 488
255 489
473 491
450 489
475 490
349 490
470 490
382 490
320 490
481 490
295 490
317 491
382 491
351 491
258 491
389 491
269 491
301 491
430 491
398 491
347 492
381 492
286 492
450 492
294 492
328 492
298 492
381 494
362 494
445 496
319 496
451 496
456 496
396 496
251 497
442 497
349 497
445 497
386 497
483 497
356 497
493 497
349 498
445 498
255 498
415 498
448 498
390 498
489 498
297 498
362 498
365 498
302 498
398 498
346 499
350 499
320 499
352 499
449 499
289 499
290 499
293 499
393 499
330 499
458 499
428 499
462 499
431 499
309 499
407 499
61 372
157 288
