400
177 191
18 62
25 184
87 92
31 65
6 0
56 196
11 0
25 73
91 142
28 100
42 68
127 148
91 139
41 154
59 80
19 182
82 124
8 172
43 93
54 61
8 38
87 198
79 119
9 13
37 177
31 61
95 166
59 95
19 46
41 168
30 191
94 182
19 26
58 102
90 91
123 162
31 178
60 101
56 73
25 31
60 62
8 15
27 49
76 113
14 136
30 71
92 198
26 162
31 104
58 67
14 30
14 35
52 169
19 22
31 42
0 26
126 133
94 157
30 52
127 130
45 66
12 174
20 191
24 34
55 195
7 26
17 24
7 19
11 105
7 171
120 186
35 171
26 99
30 38
28 34
31 109
11 20
118 163
12 20
82 126
85 114
2 21
25 29
80 156
24 61
29 46
100 159
31 70
12 177
25 84
192 197
1 23
49 193
4 23
5 23
56 101
25 77
35 197
54 133
104 153
23 110
14 24
15 24
74 165
9 91
69 93
150 176
14 185
17 47
12 118
49 124
152 163
189 197
58 74
38 186
93 94
22 36
26 29
79 88
88 108
20 81
19 28
21 30
47 105
88 194
4 29
95 127
11 29
116 188
21 186
0 73
21 141
9 31
182 187
53 125
56 79
8 32
15 56
42 87
47 63
19 104
14 117
31 82
56 143
109 136
6 35
27 75
62 124
149 168
3 36
31 107
52 120
30 56
60 185
154 177
31 46
21 149
40 59
25 98
14 37
42 76
48 70
60 131
84 105
41 120
17 97
18 128
45 94
11 39
38 93
13 108
151 153
17 90
34 40
18 53
9 81
12 40
15 43
28 119
30 111
25 191
52 93
157 185
159 171
10 41
12 189
116 168
122 192
84 114
93 106
20 72
124 128
14 43
26 77
37 44
9 44
43 44
22 150
98 121
24 44
25 44
51 55
32 45
9 45
78 183
29 45
48 160
45 70
17 144
24 79
30 81
38 47
8 47
28 86
44 47
45 121
78 83
122 141
8 48
101 154
30 53
15 48
47 48
74 75
22 86
1 49
25 61
33 49
16 119
111 135
22 146
43 49
60 188
13 118
18 49
131 187
77 87
19 86
12 66
46 50
36 90
14 92
41 92
28 54
20 50
31 160
27 50
121 122
3 51
141 174
61 166
91 111
86 135
48 177
84 135
21 51
53 91
114 124
125 171
101 115
57 146
43 52
22 56
28 185
16 52
21 56
14 87
47 182
57 84
72 186
61 158
17 162
0 54
4 68
49 54
49 55
4 165
37 55
31 115
43 55
13 55
151 160
46 56
188 197
27 90
27 170
37 58
14 58
86 91
21 73
38 60
62 65
53 155
88 94
36 61
123 195
8 61
94 104
122 133
8 178
60 137
13 88
16 180
114 128
49 150
25 143
18 130
5 93
83 109
38 63
7 63
81 116
35 64
61 131
159 198
31 116
15 64
87 122
91 162
188 193
29 68
24 136
41 65
11 65
63 82
45 65
36 121
11 172
122 126
24 109
37 66
14 69
145 163
111 114
40 67
48 67
105 188
44 145
35 69
6 69
1 70
84 92
47 175
106 141
30 102
25 172
94 102
31 71
184 191
90 101
73 140
35 72
5 72
37 72
87 192
57 141
29 131
12 72
65 73
89 101
67 154
38 73
23 100
46 108
3 75
84 130
26 80
76 174
84 133
34 76
16 80
114 187
35 167
71 76
72 76
52 147
3 77
25 87
119 150
42 77
11 77
75 77
90 190
54 159
54 77
28 146
124 173
28 125
38 78
46 136
42 78
118 125
55 179
21 125
81 193
53 128
8 90
38 79
47 113
22 79
148 192
67 81
8 81
47 194
51 107
70 96
39 82
46 156
74 99
95 172
79 82
17 82
126 184
21 82
58 82
187 192
29 126
64 84
68 84
7 84
52 124
18 123
17 84
59 109
42 105
47 120
27 155
66 86
136 183
92 187
24 184
49 97
67 87
114 144
56 185
71 89
135 186
153 170
80 92
19 89
15 92
87 89
127 180
62 93
34 90
63 186
150 189
126 161
34 91
64 92
86 92
124 125
157 173
21 165
118 159
22 99
80 148
86 166
40 95
73 95
62 137
113 166
56 171
122 153
56 95
90 95
46 187
67 97
69 97
55 142
49 184
101 165
15 97
15 150
53 98
88 98
126 166
34 99
31 142
95 167
85 115
30 198
14 100
15 100
32 101
26 196
35 101
116 161
22 139
133 177
101 102
88 141
66 103
99 103
8 189
64 104
26 185
5 104
101 177
76 104
77 104
47 104
16 173
49 191
1 105
161 177
5 108
95 106
30 177
31 176
26 174
72 106
54 118
48 197
41 106
88 135
90 110
20 123
57 125
41 107
120 142
93 188
64 108
23 194
64 109
101 109
23 195
108 109
79 109
47 109
48 109
51 109
96 110
102 110
39 110
142 146
49 192
3 111
11 111
126 150
90 113
79 111
28 122
127 138
67 112
30 128
71 112
74 112
81 112
86 112
58 112
3 113
22 132
41 113
98 114
20 132
79 156
13 114
58 180
55 171
40 116
79 116
1 117
41 117
42 117
97 118
5 118
8 118
103 118
9 118
19 198
2 119
98 119
147 183
94 147
104 119
33 120
2 122
72 122
159 181
119 165
108 122
49 168
128 159
80 122
3 123
125 130
17 178
75 148
48 175
59 143
75 124
46 124
108 168
35 153
65 125
35 125
38 125
10 125
42 125
1 126
92 137
87 157
89 140
0 126
109 126
153 182
79 126
1 127
65 127
98 127
102 127
10 127
63 157
91 127
8 128
48 168
109 128
36 129
38 129
157 158
55 129
6 197
19 145
58 129
3 130
39 130
72 130
77 130
13 130
48 130
112 130
112 184
64 131
51 147
4 131
8 131
103 131
73 131
84 131
56 186
117 154
55 145
14 132
83 177
83 132
64 133
68 133
38 140
17 133
102 134
71 134
82 175
124 176
114 134
53 194
54 134
36 135
120 153
6 135
68 171
39 135
33 136
100 140
132 136
103 136
99 167
107 136
159 179
21 175
133 137
72 137
110 137
113 137
52 182
1 138
33 138
67 138
24 190
0 138
187 195
80 138
96 139
94 176
36 139
100 139
101 139
134 139
41 139
80 139
25 188
114 179
21 139
123 157
82 173
97 142
99 142
108 142
78 142
41 146
81 142
19 142
2 143
129 143
68 143
39 143
62 177
111 143
16 143
17 143
65 144
98 144
38 144
135 144
63 180
80 144
128 145
35 145
120 184
101 145
134 145
107 145
67 147
134 147
119 184
40 147
135 183
33 148
34 148
173 193
36 148
154 164
31 162
138 148
123 156
95 181
100 149
137 149
138 149
114 175
19 149
130 150
100 150
134 150
80 183
75 150
140 150
186 190
143 153
16 186
121 170
15 151
143 151
54 160
55 151
183 196
90 151
53 184
36 152
162 187
8 152
103 152
45 152
47 152
28 175
83 152
52 152
118 152
116 156
2 153
33 155
66 155
71 155
105 155
42 155
79 155
156 158
1 156
151 166
117 188
12 156
45 156
33 157
129 157
100 157
43 157
111 157
49 157
51 157
105 165
112 169
33 158
130 158
132 158
103 158
40 158
108 158
94 188
147 158
149 158
151 158
55 158
92 158
28 158
47 197
21 161
71 160
40 160
56 173
79 160
111 160
40 161
0 161
26 184
143 161
112 161
19 161
20 161
99 162
117 171
41 162
112 162
8 163
101 167
141 182
64 164
75 173
181 188
27 168
78 164
58 182
145 164
30 178
130 165
1 166
35 166
94 195
37 166
41 166
144 166
134 197
160 167
163 167
161 168
70 168
39 168
136 168
7 169
167 169
48 169
32 170
70 170
137 170
78 170
115 170
20 187
7 173
68 174
38 178
137 175
171 175
96 176
129 176
183 189
66 176
135 176
137 176
140 176
32 177
96 177
130 178
128 179
35 179
37 179
166 179
143 179
164 180
166 180
71 180
41 180
42 180
107 180
12 180
110 180
65 181
34 181
45 181
46 181
143 181
17 181
155 181
169 182
4 184
31 187
66 185
164 185
160 186
32 190
160 190
163 190
35 190
129 191
131 191
69 191
139 191
172 191
174 191
41 192
0 192
143 192
48 192
128 193
66 193
132 193
108 193
161 194
67 194
41 194
46 194
134 195
168 195
73 195
106 195
20 195
183 195
5 196
37 196
69 196
41 196
42 196
139 196
174 196
110 196
51 196
20 196
67 198
68 198
172 198
173 198
177 198
51 198
130 199
36 199
38 199
198 199
170 199
43 199
110 199
111 199
176 199
179 199
23 199
29 199
226 245
323 342
335 338
258 296
246 322
206 200
259 299
248 252
218 332
209 241
247 284
284 316
259 272
228 378
235 270
387 396
227 255
205 279
221 381
212 210
228 265
294 309
324 374
228 263
224 326
262 321
224 234
256 361
228 251
230 319
245 249
285 312
223 280
218 245
295 317
354 364
220 389
257 279
256 343
206 215
229 256
291 302
220 397
202 230
258 273
224 228
206 216
316 321
238 260
210 240
228 331
242 382
202 217
222 227
212 234
227 328
200 301
226 318
241 315
260 262
250 270
228 272
228 253
217 218
206 218
216 260
222 225
325 364
219 310
252 346
261 266
240 242
291 304
261 367
268 277
205 220
288 348
227 302
248 288
204 221
205 221
257 344
209 221
215 249
220 228
262 369
291 374
314 341
258 372
250 297
259 282
269 382
209 244
314 343
204 260
254 364
296 323
310 358
200 292
248 333
228 343
227 269
291 372
356 358
231 238
209 224
311 397
290 377
325 366
352 381
260 359
249 253
229 255
223 358
267 310
255 323
208 346
201 226
203 226
292 329
224 240
261 356
214 226
213 261
218 226
225 357
273 286
292 398
208 228
288 324
217 309
216 228
243 265
251 272
223 344
218 239
231 371
248 289
210 231
275 358
219 246
218 268
231 239
262 269
271 301
261 271
227 262
245 315
218 237
200 233
358 384
259 364
253 306
226 291
230 273
207 235
263 353
209 235
215 241
316 382
256 304
202 236
214 265
220 274
320 337
214 359
213 236
248 254
219 245
251 377
203 238
261 342
245 248
209 238
221 330
288 331
262 291
217 277
315 317
263 345
280 338
231 288
227 304
291 352
291 354
273 310
225 317
207 240
239 240
222 319
233 241
262 287
254 358
207 241
290 295
229 287
217 321
240 244
202 243
285 350
244 246
201 244
355 357
226 251
319 327
252 281
279 384
322 354
253 286
252 348
322 335
317 377
249 275
305 368
261 310
210 247
228 323
292 314
258 285
256 259
231 250
236 249
248 394
315 320
222 379
251 325
322 349
263 290
281 325
284 292
262 342
225 251
256 286
256 337
286 330
225 276
245 261
200 317
273 323
223 308
205 254
344 384
221 263
201 255
386 398
254 304
254 327
283 367
239 306
258 279
236 256
259 343
295 325
261 309
215 256
294 373
263 368
257 261
220 351
230 297
260 268
314 397
256 377
248 258
261 276
260 298
223 258
300 305
226 299
216 270
226 392
375 397
276 330
247 259
215 259
217 259
267 315
219 259
214 303
220 259
280 298
294 327
231 307
201 261
294 348
291 381
318 351
235 262
262 337
209 262
255 359
257 314
244 278
220 282
240 263
217 394
282 283
250 265
233 264
218 351
249 282
235 264
285 320
207 264
224 266
287 291
225 324
214 295
251 264
281 291
209 326
262 264
225 398
280 290
205 266
227 306
263 299
254 341
213 280
257 315
228 394
236 277
228 267
317 343
351 375
213 396
286 294
234 269
212 269
349 387
230 336
263 386
325 357
205 271
227 301
240 271
250 323
279 292
273 294
210 330
242 296
212 297
249 316
211 274
244 276
234 276
273 274
278 303
210 274
231 295
327 395
229 293
207 275
231 311
224 280
222 306
294 369
265 276
321 337
234 280
345 349
238 280
208 280
272 280
237 378
275 280
203 281
255 299
210 281
255 350
221 281
267 286
313 322
279 379
237 282
269 282
248 316
240 282
265 317
246 384
263 329
327 357
213 282
232 283
230 328
292 396
248 283
249 283
290 312
251 332
270 284
271 284
285 367
229 327
275 287
347 368
246 287
240 338
351 383
235 288
225 311
208 288
272 288
286 293
210 288
246 288
323 328
258 318
215 324
234 290
222 299
204 290
276 306
237 290
295 303
324 354
210 290
278 290
317 389
240 291
230 302
201 292
290 298
226 313
220 306
270 292
263 303
211 293
285 358
213 293
217 314
211 294
300 338
233 295
286 382
207 295
209 295
285 295
233 296
272 296
260 395
268 297
294 371
239 297
279 321
202 298
229 300
211 299
214 299
356 377
389 398
237 301
261 313
327 329
229 320
238 302
207 302
240 302
273 302
263 350
201 303
265 303
277 338
239 303
235 304
267 304
268 317
286 386
280 304
221 304
297 306
234 307
204 307
268 307
208 307
285 390
245 359
284 307
254 307
224 307
303 308
263 384
279 308
217 346
236 309
268 309
327 342
206 309
275 309
276 309
344 359
279 309
238 311
207 311
248 376
284 311
224 311
280 358
287 390
292 327
264 313
287 392
249 386
206 346
308 313
245 313
200 324
322 396
236 314
325 356
239 314
231 379
249 314
255 387
298 315
203 316
234 316
204 316
239 316
275 316
210 316
283 321
311 316
284 366
276 318
258 339
259 318
290 318
302 319
270 319
315 326
282 359
224 364
275 368
200 326
281 320
254 347
250 320
290 339
205 321
206 321
249 327
275 321
249 370
227 341
270 322
223 343
260 325
214 322
297 324
303 324
273 324
241 324
220 349
211 325
238 325
317 326
246 325
311 325
202 326
376 379
302 326
207 326
376 391
206 327
207 327
224 344
202 328
267 338
299 328
238 328
304 328
276 328
246 328
215 328
255 328
301 329
212 329
245 329
294 391
204 331
208 331
308 331
232 332
235 332
331 332
218 397
238 332
259 333
276 332
256 376
230 350
215 332
281 332
329 333
374 376
268 333
269 333
344 379
308 333
247 333
267 334
238 334
206 334
205 382
312 334
248 334
228 335
285 334
223 334
289 334
229 334
295 334
297 335
300 335
353 368
228 384
274 335
256 335
265 336
236 336
302 336
286 336
285 348
323 336
275 337
210 337
213 337
285 337
296 338
201 338
297 338
331 339
302 339
308 339
277 339
254 363
260 345
225 387
256 339
264 340
266 340
235 340
301 340
242 340
200 340
325 349
281 340
324 348
295 355
221 340
203 341
269 341
238 341
258 353
355 360
217 341
215 342
385 386
258 347
284 342
220 342
320 342
226 342
201 343
202 343
292 363
225 369
205 344
236 344
231 356
274 344
244 344
296 345
230 374
334 345
214 378
303 345
287 383
243 345
200 345
309 345
313 345
286 345
370 378
297 346
202 346
357 388
298 346
267 346
201 347
217 383
229 393
302 347
213 347
245 347
207 383
328 348
289 380
211 348
264 349
314 369
296 349
211 350
208 350
310 350
295 368
327 360
303 351
271 351
337 351
244 351
355 392
364 370
203 352
300 352
332 352
336 352
208 352
305 352
306 352
341 352
278 352
245 368
283 386
317 352
211 353
336 353
208 383
341 353
325 362
342 353
311 353
286 353
281 353
285 353
204 354
324 389
268 354
229 365
287 366
240 354
338 354
276 354
245 354
279 354
252 367
221 354
234 355
333 355
354 391
248 355
346 355
226 355
291 355
323 355
229 355
279 383
207 356
307 356
214 356
280 356
289 356
329 357
309 358
232 359
266 359
235 359
207 359
336 359
208 359
243 359
210 359
265 360
330 360
237 360
269 360
206 360
307 360
344 360
345 360
284 360
250 368
331 361
337 361
213 361
310 361
314 361
265 362
331 362
268 362
208 362
273 362
277 362
310 362
328 363
280 386
269 383
339 363
248 363
323 390
231 381
282 363
350 363
201 364
202 364
239 364
343 370
300 365
205 365
319 384
242 365
210 365
311 365
343 365
312 365
261 380
314 365
315 365
328 366
202 366
267 366
205 366
275 366
281 366
324 369
264 367
319 392
336 367
338 367
276 367
213 367
263 376
281 367
345 367
232 368
266 368
362 368
298 369
235 369
269 369
276 369
360 371
207 375
205 371
231 385
284 371
255 371
319 371
287 371
292 371
265 372
204 372
270 372
275 372
200 372
278 372
280 372
312 372
234 375
319 372
321 372
225 372
361 373
367 373
338 373
342 373
256 379
318 373
241 374
339 374
200 374
251 374
252 374
253 374
263 382
350 374
224 374
321 374
232 376
330 376
300 376
336 376
241 376
344 382
342 376
297 377
329 377
234 377
301 377
304 377
262 385
316 387
296 379
234 379
362 379
299 379
326 379
366 379
270 379
207 379
307 379
210 379
339 380
310 380
345 380
362 381
351 394
200 381
210 381
230 393
310 381
343 381
344 381
369 384
274 384
373 384
268 385
305 385
370 385
252 385
317 385
261 385
298 386
331 386
364 386
205 386
271 386
369 386
242 386
339 386
375 386
235 387
205 387
240 387
309 387
249 387
347 387
252 387
329 388
304 388
338 388
339 388
255 391
246 388
251 388
220 388
284 388
353 388
203 389
270 389
378 389
218 389
347 389
367 390
209 390
200 390
245 390
342 390
280 390
220 390
264 391
329 391
330 391
203 391
234 391
235 391
237 391
333 391
207 391
336 391
375 391
236 392
301 392
375 392
301 393
367 393
278 393
279 393
216 393
377 393
233 394
268 394
336 394
337 394
245 394
341 394
279 394
332 395
335 395
339 395
276 395
317 395
353 395
386 395
226 395
298 396
365 396
338 396
237 397
208 397
338 398
310 398
219 398
317 398
362 399
269 399
306 399
245 399
213 399
250 399
353 399
262 399
391 399
263 399
180 349
140 320
60 211
