1000
58 138
412 481
140 477
26 134
94 195
189 484
23 148
123 435
1 10
27 290
59 189
19 78
59 151
205 263
25 32
30 362
80 89
24 41
274 496
88 206
20 21
29 40
368 409
63 471
56 88
157 341
12 13
46 302
120 171
59 73
61 479
247 274
52 220
7 14
51 59
29 74
45 443
21 28
27 236
4 15
113 223
88 113
179 207
18 316
157 377
16 408
50 268
21 78
111 251
331 334
48 61
10 16
112 365
379 455
333 493
62 388
220 380
82 126
23 214
81 208
272 397
86 296
28 33
50 68
27 38
412 428
247 413
25 26
65 484
15 35
117 475
155 202
95 153
24 128
59 149
56 209
122 126
56 214
23 68
56 162
113 136
85 140
266 484
308 357
187 473
123 186
143 217
82 312
51 144
13 244
20 39
255 290
6 54
128 219
94 184
116 372
150 270
300 332
187 264
16 85
95 109
31 172
29 132
106 311
156 176
347 402
124 241
63 74
14 54
334 368
191 354
28 40
255 284
63 434
191 239
307 482
124 319
84 172
372 393
28 39
272 325
21 27
86 231
146 283
46 495
103 118
366 374
275 323
195 318
56 110
427 446
411 489
236 310
357 404
12 126
67 285
21 79
38 182
90 406
159 298
127 215
148 247
27 49
167 361
1 32
53 148
27 342
55 56
13 54
466 495
182 375
86 350
158 377
90 232
148 315
23 112
209 393
56 69
17 85
84 448
282 417
250 454
17 196
166 278
39 182
266 422
296 471
138 331
71 137
70 331
309 494
126 484
12 56
11 80
31 93
60 123
18 409
36 38
312 324
221 446
85 130
315 320
158 164
150 430
119 288
89 236
3 40
184 428
17 80
117 240
91 412
283 466
59 137
144 339
26 328
24 372
182 245
114 298
117 178
173 382
122 147
152 463
111 462
2 55
195 285
0 42
27 91
32 44
430 463
135 408
183 216
90 136
126 302
281 318
220 221
312 469
138 190
309 382
91 381
223 482
52 148
84 188
62 491
33 141
333 383
22 178
21 240
302 309
18 311
49 302
18 46
186 200
187 306
86 458
104 285
285 335
25 473
11 120
214 336
371 497
88 403
71 383
349 491
106 258
202 209
154 168
22 75
124 152
95 106
223 459
301 313
151 430
191 427
408 421
46 49
214 407
177 211
9 127
23 49
52 484
114 337
54 59
48 142
136 220
104 302
120 412
266 459
126 184
48 51
5 52
16 344
344 377
43 52
81 395
22 171
92 362
52 296
171 414
33 55
242 433
317 349
318 411
32 57
6 57
125 159
59 115
1 58
17 90
282 381
26 143
156 438
8 59
84 196
29 299
246 274
343 439
240 404
16 60
19 60
20 60
103 424
111 429
237 280
154 380
99 117
312 313
407 452
64 126
22 63
256 275
239 338
435 476
36 64
217 399
25 285
31 241
93 431
50 64
31 380
285 308
37 66
219 371
153 348
25 233
280 281
55 166
112 332
265 375
53 162
36 69
92 139
89 233
330 496
59 451
89 277
119 214
125 193
50 417
91 92
113 212
12 244
133 311
119 140
316 385
138 319
351 442
191 227
87 188
187 344
312 462
27 321
149 303
25 151
6 75
65 73
85 226
211 472
117 344
47 234
306 341
92 258
37 76
252 463
408 497
4 77
22 95
123 229
347 438
84 165
270 465
176 352
327 454
46 149
56 322
278 301
107 159
203 417
315 380
123 473
303 361
379 408
32 82
158 208
20 130
58 90
29 153
42 379
155 292
277 288
29 392
55 187
184 230
115 189
151 309
49 369
49 170
66 84
35 84
174 271
28 270
111 274
149 199
17 265
111 256
47 86
66 87
5 87
211 407
202 441
152 156
252 348
186 260
179 242
32 89
27 412
62 110
25 145
223 306
247 375
30 290
221 294
26 175
283 322
55 149
9 91
21 150
220 291
431 498
186 301
10 317
43 92
19 166
54 171
230 342
148 425
199 278
274 454
302 333
41 370
74 253
79 93
353 380
49 290
370 443
124 336
57 209
92 138
284 320
412 429
60 199
57 94
125 234
10 95
309 480
209 234
62 108
63 364
37 96
110 209
39 96
113 357
107 266
308 374
57 103
207 316
85 164
115 216
299 477
13 101
218 273
242 423
325 454
299 359
12 165
326 398
255 291
115 127
87 204
63 231
113 339
286 340
93 236
59 297
123 175
18 237
118 288
202 220
151 445
200 303
91 328
26 110
309 486
219 326
22 102
55 102
143 472
454 475
38 103
277 294
52 434
182 210
466 488
409 455
111 175
74 142
4 105
10 194
275 443
94 235
60 232
80 105
55 117
20 105
219 266
23 105
123 434
252 479
101 106
102 106
316 453
104 106
340 350
50 252
14 198
252 489
57 134
66 107
70 107
10 341
57 261
111 189
25 377
16 159
49 108
81 108
83 216
51 108
27 391
171 437
31 325
189 256
53 399
186 228
101 110
351 458
58 179
148 360
72 111
90 226
175 359
406 413
106 113
28 349
108 113
53 286
86 419
212 487
369 486
152 322
170 253
99 114
83 352
221 227
391 406
229 399
1 115
142 380
107 149
10 222
200 276
144 436
127 160
3 117
217 324
116 265
189 358
145 244
12 119
285 295
90 470
151 465
54 369
6 120
97 121
205 424
213 229
65 122
157 449
152 268
76 122
172 297
46 122
342 372
251 400
38 123
48 230
47 274
111 411
76 123
81 123
80 154
112 363
117 123
59 153
365 372
119 123
93 140
3 124
125 396
221 363
60 477
125 353
96 125
406 414
103 125
244 252
153 162
282 347
112 125
410 487
19 125
40 424
106 130
60 243
39 129
76 337
145 462
13 129
205 284
41 252
85 328
25 442
27 193
55 410
113 131
292 331
104 165
30 234
122 131
62 298
96 132
95 493
155 371
30 153
3 132
114 247
220 384
121 230
57 344
252 454
132 133
61 481
221 374
218 494
148 311
16 133
84 133
66 134
99 134
401 411
75 384
117 180
73 134
9 300
183 490
142 215
99 135
179 273
176 247
11 135
125 186
108 135
246 390
56 181
150 228
27 350
74 136
63 178
350 467
213 368
157 289
115 181
1 141
89 197
342 487
72 138
276 280
213 268
80 146
14 138
110 138
19 150
377 403
14 139
53 164
83 139
405 412
84 410
185 432
184 389
110 338
35 142
60 172
126 195
282 428
65 143
3 143
127 281
151 373
447 468
155 239
125 476
111 464
280 386
60 301
150 445
81 144
115 204
99 145
270 357
166 318
310 429
208 320
211 239
46 263
175 469
74 147
84 179
145 178
156 184
54 218
2 148
15 243
157 192
27 181
63 339
2 149
126 405
135 149
350 366
0 151
159 279
26 248
318 454
8 302
51 324
298 399
316 355
189 431
80 251
304 318
51 152
33 153
313 468
433 469
195 220
396 437
173 250
124 223
1 154
36 154
45 154
86 273
245 419
115 213
61 219
345 369
78 155
146 155
94 392
34 156
7 156
29 488
59 437
81 156
153 470
154 241
88 156
107 495
146 446
77 157
115 175
467 469
122 456
17 189
372 492
74 443
115 257
121 438
108 166
185 483
59 159
277 323
105 429
104 159
306 377
2 164
191 279
414 479
159 202
318 332
154 246
179 275
91 179
38 165
96 166
73 166
54 267
51 228
339 371
52 252
40 167
248 488
20 169
216 225
182 272
96 168
65 168
216 296
99 168
23 328
39 169
43 169
16 169
173 309
151 186
270 380
36 380
137 441
274 479
88 237
287 478
61 433
222 325
254 297
148 181
68 171
177 318
72 171
241 342
113 171
187 347
237 253
99 173
29 468
345 418
188 497
138 173
45 173
77 173
378 395
113 173
18 173
146 173
148 173
150 173
221 262
299 357
18 301
248 473
162 174
165 174
102 174
218 444
42 174
157 431
50 493
239 253
47 174
50 174
150 174
60 306
219 439
121 187
183 469
121 250
377 389
139 175
43 175
87 218
32 176
9 198
90 491
144 176
7 198
2 177
176 373
9 437
134 177
241 434
14 178
48 434
362 486
326 341
219 421
286 319
282 495
130 180
39 181
25 383
63 183
310 334
176 181
68 182
32 183
67 183
101 183
377 459
412 423
219 405
42 184
137 226
250 468
143 184
237 441
427 441
241 257
8 185
15 185
111 185
120 185
24 185
121 195
121 185
68 380
90 185
155 185
127 389
31 275
62 269
8 186
344 495
105 186
220 254
186 187
344 371
340 363
134 187
72 480
15 201
150 310
86 207
149 187
131 188
206 285
140 252
86 255
256 470
9 268
20 397
79 188
135 189
72 191
10 239
335 462
148 191
212 218
86 438
67 192
221 312
127 203
378 389
184 253
91 326
182 352
297 361
139 193
215 446
79 288
185 427
62 468
74 194
6 195
73 195
178 195
220 333
252 431
183 338
59 384
90 333
78 196
112 298
341 344
44 308
49 197
64 198
392 437
163 199
441 479
196 199
287 497
351 354
60 253
157 269
19 200
99 201
248 359
250 452
36 202
247 498
77 202
245 393
24 310
141 203
148 203
160 204
237 308
167 205
245 272
139 318
146 205
12 252
280 305
233 379
281 340
130 206
68 206
201 206
203 288
141 206
75 417
206 207
221 260
191 352
94 258
59 426
166 207
175 259
119 272
103 208
196 209
133 209
307 316
98 210
99 210
146 316
141 210
176 210
114 348
32 212
191 329
100 212
198 396
53 213
114 265
4 213
195 213
273 338
373 420
13 213
18 395
137 276
303 371
36 222
318 446
165 214
95 436
70 214
124 387
202 214
190 252
114 214
207 220
83 285
215 292
103 215
168 215
339 414
77 215
160 216
196 216
6 216
145 280
139 216
313 456
164 217
273 322
196 218
301 393
203 218
234 275
45 218
49 218
346 402
38 383
81 245
101 224
62 416
223 494
250 357
84 224
221 304
27 224
315 341
221 239
347 407
93 262
168 227
57 427
113 443
204 227
258 428
98 228
274 319
164 228
363 365
167 228
310 426
206 384
74 228
0 228
45 228
7 275
364 373
41 244
209 229
51 229
84 229
120 315
101 230
57 421
182 448
377 469
438 472
240 303
194 231
131 231
198 231
184 434
282 300
178 231
122 236
72 232
57 235
160 233
285 343
49 446
68 233
197 233
37 233
107 282
74 233
46 233
80 233
184 241
85 233
149 233
213 314
317 343
221 329
231 234
222 296
279 360
64 235
192 235
118 474
169 235
29 362
189 333
219 269
310 327
315 417
184 282
227 236
122 415
59 238
280 415
172 236
10 414
79 275
289 480
144 256
16 280
215 236
149 380
198 237
50 300
22 241
134 310
41 375
91 380
342 473
232 238
15 238
176 238
314 425
65 239
10 379
28 284
60 296
6 240
147 496
169 240
171 240
237 240
144 240
224 241
101 241
144 404
136 241
10 241
172 241
323 324
1 242
231 242
200 243
189 264
236 243
148 327
36 244
305 368
46 448
98 373
238 350
141 245
28 416
235 361
317 389
285 320
76 246
255 388
308 311
27 252
201 247
42 247
273 496
249 410
114 474
215 476
150 428
195 248
208 430
114 292
38 248
111 263
271 479
238 248
14 248
128 249
346 394
174 257
145 350
21 249
368 482
198 303
187 416
29 249
184 259
447 481
254 485
37 251
219 272
123 314
120 256
162 253
34 253
239 254
51 254
180 254
366 440
276 363
57 441
80 316
175 415
138 383
8 255
152 452
411 455
9 255
177 387
370 469
78 465
160 258
39 258
104 258
105 258
170 258
225 260
34 260
124 423
254 353
284 303
208 260
121 398
283 381
114 260
86 260
214 447
279 308
247 260
344 370
64 261
216 310
234 261
171 261
378 458
143 261
79 261
180 261
145 331
170 262
45 262
173 262
315 436
54 262
188 262
125 262
1 264
66 310
245 264
192 265
128 265
97 265
219 300
344 396
101 265
379 460
42 265
445 483
127 374
79 265
120 422
71 266
256 267
65 267
83 411
37 267
168 267
12 267
208 382
78 267
379 466
278 294
149 466
35 268
164 475
61 380
206 408
176 269
67 319
100 270
230 270
202 270
221 498
34 271
265 271
266 271
158 466
235 271
117 495
214 411
60 439
268 272
28 458
163 273
228 273
121 487
372 387
131 274
99 274
106 274
9 274
109 274
206 274
36 276
197 276
130 277
280 291
197 380
85 277
151 277
225 279
375 436
195 279
131 279
219 328
109 279
343 368
121 382
52 279
381 415
153 279
154 279
28 279
1 280
35 280
132 280
155 386
115 382
268 280
264 281
266 281
78 281
142 281
18 281
327 464
193 282
108 310
263 319
374 497
0 283
268 283
13 283
402 427
35 284
34 311
373 445
193 286
280 465
93 379
198 286
39 286
24 445
10 286
144 286
279 325
86 368
258 287
367 493
148 373
184 429
141 477
110 287
84 287
90 287
262 288
168 288
63 351
175 333
8 289
109 324
73 289
257 495
300 322
274 289
120 289
210 301
275 306
234 290
109 290
176 290
133 291
53 337
0 291
158 405
267 291
158 456
207 291
211 291
213 291
184 291
288 292
35 292
224 325
37 292
87 408
185 312
35 293
208 324
106 293
204 293
34 294
133 294
41 294
49 397
21 380
13 294
143 294
350 385
20 294
129 295
98 295
99 295
438 464
446 477
262 295
106 295
62 467
173 295
16 295
283 484
128 296
129 296
66 296
258 296
144 318
160 325
70 296
106 296
171 296
115 345
378 401
415 420
210 345
101 297
229 297
201 297
138 297
174 374
149 458
2 459
234 474
33 299
126 470
378 421
220 318
46 299
222 453
152 486
25 480
146 299
219 299
84 407
66 300
1 301
249 320
83 308
252 394
170 301
268 301
172 301
205 301
273 422
347 367
192 303
2 303
6 303
272 371
135 304
12 304
139 308
43 304
4 319
188 304
294 320
124 371
170 305
74 305
10 305
193 306
230 306
45 306
239 306
192 307
306 325
172 470
136 307
17 371
89 323
257 308
102 308
129 309
377 423
10 309
157 378
192 310
161 313
365 382
98 313
234 313
378 455
71 314
41 314
172 314
260 399
149 314
167 315
479 486
283 457
4 316
107 316
248 495
347 433
381 404
23 492
224 320
225 320
50 421
66 320
192 321
117 446
404 447
93 335
205 471
242 321
218 321
371 465
134 322
113 444
199 322
185 491
168 322
56 438
56 389
224 323
309 442
163 323
198 324
302 323
37 326
253 396
263 326
284 475
44 326
14 326
238 326
218 408
112 326
179 326
308 326
278 326
162 327
35 327
131 327
218 338
156 490
169 327
173 327
172 414
129 328
295 328
52 338
39 328
105 328
256 329
257 329
73 446
34 329
340 450
175 329
139 359
214 329
55 329
247 329
184 329
217 329
316 331
97 330
194 330
73 330
106 330
236 330
111 330
210 396
55 330
228 332
292 332
229 332
149 368
83 368
289 334
132 334
134 334
96 335
60 391
166 335
9 335
13 335
47 335
145 335
212 335
194 336
273 423
3 336
228 336
158 345
269 336
141 336
372 396
78 336
114 336
291 337
136 337
41 337
160 338
75 480
161 338
213 348
20 430
182 459
187 340
166 338
224 339
128 339
98 339
323 339
228 339
264 339
232 339
42 339
106 339
170 472
100 340
325 340
232 340
221 403
301 340
113 340
151 340
247 340
380 478
96 341
68 341
262 343
27 471
372 382
106 343
108 343
274 343
148 343
151 343
284 343
252 343
2 344
225 344
49 457
329 344
198 345
294 345
46 345
142 345
101 424
38 346
299 346
268 366
205 346
185 346
220 346
161 347
257 347
169 347
266 347
202 347
14 347
405 448
308 347
310 347
34 348
294 348
230 348
126 366
298 348
112 348
212 422
337 348
178 348
132 349
22 405
325 349
168 349
175 360
114 349
22 349
69 350
81 447
39 350
332 350
117 402
42 479
127 379
112 351
180 351
85 351
379 416
250 351
158 440
259 352
200 352
301 352
381 436
291 353
231 353
136 353
111 353
309 428
245 353
342 353
251 426
106 396
93 353
268 475
99 354
323 354
38 354
198 354
233 437
279 377
342 395
196 373
37 365
259 365
103 355
126 357
181 355
311 355
184 355
56 355
340 496
58 444
70 356
19 356
150 356
220 395
318 391
221 356
33 357
189 397
355 357
102 357
38 357
135 357
139 357
64 358
3 358
38 358
160 359
321 359
132 359
225 459
357 359
8 359
302 369
256 360
285 469
198 360
295 360
382 462
98 361
67 362
164 362
102 362
75 362
271 362
356 363
293 363
6 363
101 363
230 363
446 461
153 491
377 497
357 364
232 364
337 364
86 476
52 364
19 386
92 481
315 364
2 365
289 366
36 366
294 366
322 367
69 367
363 367
172 367
142 367
337 367
1 368
162 368
354 368
4 368
122 403
265 368
2 369
355 369
262 369
231 369
33 370
228 370
32 371
361 371
171 371
436 450
108 371
76 371
164 396
131 372
227 372
324 372
103 372
169 372
35 374
101 374
38 374
335 421
354 384
227 375
164 375
318 414
201 376
109 376
366 376
2 377
5 377
294 377
105 377
238 377
239 493
189 455
357 378
125 388
10 378
184 425
110 378
145 378
402 413
241 479
183 378
334 406
160 379
230 379
197 386
224 385
414 461
102 385
359 385
305 385
83 385
117 385
164 386
3 387
355 387
325 387
254 445
1 389
39 389
201 389
338 389
30 487
289 390
406 498
341 498
37 390
389 390
102 390
72 390
218 463
14 390
433 475
59 442
34 391
231 391
9 391
267 391
276 398
145 492
85 391
184 391
352 392
193 392
385 392
222 402
190 398
357 392
44 392
269 392
15 392
186 444
243 457
278 392
25 428
39 393
135 394
232 394
76 424
371 430
31 432
207 394
243 394
341 394
216 394
249 394
261 395
65 396
36 397
39 397
264 397
200 397
201 397
73 397
15 397
37 488
98 398
128 399
192 399
2 399
321 400
353 400
273 400
86 492
115 400
278 400
280 400
248 400
132 401
36 401
42 443
331 401
395 401
398 401
207 401
115 401
184 401
303 429
193 402
194 402
20 476
295 402
458 486
394 402
109 402
333 402
365 402
113 402
129 403
292 403
359 403
265 403
241 403
53 403
382 490
4 405
166 405
394 405
270 405
144 405
403 405
97 406
4 406
163 406
197 406
135 406
1 407
354 407
155 489
132 407
292 407
261 407
102 407
266 407
77 407
47 407
6 422
224 408
111 478
334 465
90 450
4 409
127 480
201 410
203 410
80 410
51 410
352 411
73 411
283 433
268 411
46 411
130 412
100 412
164 412
200 412
393 412
140 412
113 412
275 412
372 412
311 458
326 413
73 413
172 413
3 414
69 414
39 414
101 415
262 415
36 471
17 427
317 423
138 416
365 416
80 416
116 416
212 416
407 416
90 416
38 417
358 417
297 417
331 417
416 418
324 418
164 495
268 418
204 418
206 418
245 418
406 418
112 441
70 419
171 419
112 419
211 419
33 420
227 420
195 420
198 420
294 420
232 420
139 420
10 420
334 420
174 420
306 420
308 420
5 421
326 421
264 421
301 421
320 422
33 422
66 422
387 423
263 423
75 423
65 424
97 424
91 468
385 425
133 425
7 425
169 425
10 425
268 425
77 425
275 425
163 426
37 426
79 463
364 426
151 473
143 426
85 426
1 427
422 427
168 427
394 427
14 427
159 467
209 427
322 429
386 429
130 429
262 429
68 430
204 430
77 430
13 430
145 474
367 464
41 431
205 431
404 431
167 443
410 431
58 431
186 431
386 459
379 431
156 431
272 463
291 432
293 432
72 432
9 432
74 432
75 432
401 432
369 432
211 432
257 433
260 433
388 433
326 433
238 433
240 433
112 433
238 440
242 482
7 434
72 434
298 434
77 434
219 438
356 435
264 435
424 435
329 435
360 498
44 454
418 436
91 478
162 436
3 454
200 436
361 436
298 436
14 436
399 436
30 480
165 438
351 447
239 438
178 438
64 439
66 439
355 439
20 480
295 439
307 439
194 440
2 441
322 441
324 441
289 442
46 442
80 442
42 498
224 444
293 444
391 444
11 444
136 444
361 444
66 445
71 445
143 445
145 445
307 445
324 446
102 446
39 446
264 446
290 447
292 447
395 447
159 468
108 447
300 447
77 447
430 447
423 470
198 448
107 448
427 448
173 448
430 448
442 490
389 449
12 449
394 449
46 449
371 449
244 449
213 449
341 449
183 449
3 450
78 463
8 450
141 450
46 450
413 478
295 451
170 451
14 451
277 451
250 451
192 452
377 484
258 452
45 452
13 452
53 452
96 453
386 453
167 453
264 453
235 453
109 453
212 453
216 453
219 453
187 453
60 453
33 454
50 463
451 455
359 455
151 455
248 455
228 456
165 456
166 456
70 456
203 456
207 456
382 481
376 456
425 457
300 457
430 457
99 458
233 470
295 458
107 458
431 458
15 458
146 458
140 460
396 460
142 460
144 460
336 460
210 460
341 460
250 460
37 461
166 461
328 461
105 461
204 461
20 461
53 461
441 461
409 461
346 461
410 461
158 461
222 461
7 462
458 462
237 462
288 465
322 465
249 484
233 465
120 484
452 466
200 466
457 466
114 466
96 467
101 467
230 467
135 467
328 467
393 467
9 467
171 467
77 467
82 467
306 467
375 467
122 467
60 467
67 468
420 468
263 468
233 468
458 468
335 468
404 468
341 468
117 468
185 468
256 469
169 469
265 469
394 469
384 472
259 480
201 472
196 473
388 473
101 473
70 473
176 473
162 474
36 474
393 474
256 475
355 476
230 476
297 476
112 476
433 476
113 476
225 477
262 477
39 477
192 478
289 478
72 478
282 482
226 479
104 479
193 481
385 481
66 481
419 481
131 481
196 481
41 481
237 481
80 481
368 481
16 481
49 481
210 481
212 481
279 481
320 482
73 482
426 482
416 483
160 483
353 483
212 483
293 485
394 485
303 485
307 485
148 485
468 485
91 485
321 486
193 486
98 486
386 486
457 486
393 486
226 487
386 487
299 487
271 487
481 488
322 488
164 488
416 489
320 489
420 489
165 489
359 489
264 489
361 489
265 489
64 490
449 490
353 490
163 490
358 490
263 490
167 490
12 490
9 490
430 490
78 490
47 490
15 490
434 490
404 490
244 490
21 490
384 491
35 491
421 491
488 491
173 491
305 491
393 492
77 492
129 493
452 493
203 493
44 493
290 494
166 494
0 494
15 494
431 494
369 494
340 494
259 496
389 496
394 496
322 497
134 497
11 497
432 497
114 497
67 498
164 499
484 499
103 499
138 499
430 499
49 499
83 499
184 499
284 499
559 588
558 561
560 654
734 885
523 885
714 857
808 902
906 919
556 602
652 653
689 789
551 558
653 725
784 892
627 900
506 512
500 517
905 930
646 727
723 756
529 593
785 811
767 793
714 964
551 572
635 655
819 954
507 514
530 556
721 764
595 663
707 729
592 674
563 705
610 657
559 567
699 836
750 944
546 861
690 762
624 696
579 794
553 634
506 516
514 524
586 870
521 915
719 778
785 912
590 890
882 893
739 791
562 590
512 517
556 806
544 676
556 580
799 839
670 871
510 543
512 520
578 843
517 805
618 641
585 615
551 911
780 891
567 791
707 939
729 736
614 993
584 931
615 770
623 685
592 672
580 865
658 914
524 534
549 634
526 963
675 823
781 834
563 759
613 839
610 723
636 638
689 767
625 970
515 752
777 974
582 873
623 655
712 717
586 905
500 940
677 860
584 924
539 939
744 870
685 764
510 530
609 958
554 700
539 851
576 966
849 921
525 559
556 851
525 543
529 560
623 643
522 532
579 657
563 930
556 631
610 611
586 655
747 877
655 730
517 534
528 620
530 689
521 549
811 842
558 692
545 634
867 889
874 879
824 891
751 956
576 586
735 793
528 883
505 527
578 910
667 913
512 598
514 874
860 950
604 619
562 574
560 651
616 903
503 528
593 644
529 624
602 768
647 651
868 948
730 896
625 924
723 845
844 953
586 851
770 876
517 577
522 529
583 929
500 749
501 534
904 966
507 534
516 568
741 866
519 655
502 535
505 535
706 752
740 879
519 828
620 731
708 974
827 912
919 932
517 547
506 786
544 799
576 889
705 939
818 919
533 538
653 668
557 650
626 950
514 538
520 570
779 947
683 954
742 891
626 646
601 865
605 638
515 628
528 539
521 887
843 849
720 785
592 938
691 989
537 540
705 759
751 847
653 765
541 657
550 567
545 795
579 596
522 583
517 564
505 592
657 751
712 716
848 911
973 982
659 784
561 766
848 877
595 611
722 830
913 974
715 870
616 891
676 728
560 964
521 694
721 749
855 884
594 750
583 642
681 825
706 726
725 941
515 881
556 573
845 850
505 546
553 605
603 870
608 635
510 701
544 546
653 729
574 625
807 943
772 801
787 968
551 690
519 559
818 938
786 942
819 907
539 549
745 902
782 843
614 832
562 702
739 879
590 606
638 884
676 977
547 607
640 940
652 857
655 746
505 697
556 567
800 902
501 553
547 649
538 553
792 837
532 966
549 669
679 708
692 834
557 862
526 677
506 554
713 903
723 816
515 554
557 945
525 909
526 600
592 631
529 554
529 602
639 770
688 709
561 595
593 842
527 900
672 793
813 842
650 684
736 911
628 685
542 557
828 861
545 557
708 744
506 558
581 682
532 559
575 830
573 851
572 742
516 727
726 836
573 749
513 560
622 871
719 769
557 587
818 901
590 731
627 808
657 992
592 618
562 778
594 774
543 563
615 647
687 800
688 727
711 913
870 984
648 739
539 739
687 749
551 713
574 689
683 905
674 842
549 588
647 727
550 722
550 595
538 638
519 565
525 990
502 566
504 978
530 695
651 673
529 772
878 946
561 675
560 937
615 619
847 944
526 648
931 962
606 613
688 894
751 754
557 806
780 914
576 587
547 711
509 570
500 628
557 772
591 850
516 871
578 702
732 748
550 625
616 662
736 795
708 798
836 969
569 572
704 844
505 713
691 718
787 791
529 630
562 677
587 693
557 943
506 573
511 573
723 725
620 648
617 834
625 646
643 963
621 675
603 611
671 758
545 724
558 971
517 927
560 591
509 644
900 929
652 805
556 641
685 705
678 835
639 668
570 648
839 853
521 681
515 645
513 650
576 578
691 975
589 607
626 807
559 737
722 760
559 684
501 580
617 758
683 706
557 782
625 974
568 581
529 686
522 625
606 788
516 685
700 946
657 993
510 644
544 582
505 891
847 976
697 833
604 640
576 583
516 598
623 707
608 630
584 641
532 584
501 584
525 586
569 584
626 778
541 584
553 588
593 703
623 624
531 995
592 860
585 666
521 951
609 640
747 782
563 589
740 821
531 936
534 626
647 920
594 612
514 589
622 674
586 849
767 812
586 779
803 977
647 895
616 687
776 820
509 636
557 783
550 590
748 783
657 873
659 699
799 908
675 838
624 718
782 926
542 591
800 833
841 939
605 617
587 753
549 591
911 958
524 792
591 974
557 878
779 869
650 759
698 746
510 619
529 883
504 595
588 824
622 790
785 820
544 634
747 892
525 614
619 733
779 806
770 796
680 883
939 970
627 753
542 597
525 619
627 650
595 746
751 988
755 816
521 597
717 858
714 945
625 930
638 654
621 799
591 764
586 656
553 774
539 599
717 841
703 718
655 748
569 600
671 703
577 600
562 637
621 646
876 906
582 620
599 770
584 957
653 674
505 603
540 603
572 603
749 985
592 953
784 952
563 859
721 884
565 605
586 726
503 605
801 872
882 957
687 835
760 836
575 605
715 994
533 606
810 812
536 606
540 946
616 744
572 606
604 606
692 724
675 745
682 973
768 941
532 608
635 811
636 846
679 687
506 608
651 868
627 964
755 884
745 876
701 746
556 839
653 901
755 932
619 780
523 716
622 841
535 610
653 688
607 610
551 737
743 800
522 935
547 610
556 698
527 614
524 921
860 984
891 978
710 720
656 660
523 612
539 734
818 975
550 930
653 740
578 614
514 614
640 717
581 698
505 615
595 971
530 996
574 615
515 615
646 728
558 733
595 878
749 966
594 872
687 867
596 618
626 765
537 618
716 926
554 733
572 618
735 940
665 675
737 804
747 996
509 726
811 938
645 827
540 620
572 620
609 620
597 656
536 621
739 873
653 663
612 621
530 651
688 722
531 776
530 854
678 903
590 706
685 703
732 865
578 793
552 844
549 715
776 814
556 994
576 640
550 904
593 649
530 880
563 660
640 937
615 624
564 625
533 625
777 841
532 627
570 627
524 627
571 915
508 628
605 628
574 628
576 796
675 744
590 758
523 895
815 968
553 795
783 950
568 630
573 630
596 631
552 741
545 690
500 631
684 884
654 672
624 682
708 752
519 631
617 631
652 676
546 903
760 947
680 699
537 632
507 632
715 958
741 874
652 878
749 991
761 811
564 634
813 989
538 635
792 896
883 959
501 636
809 876
589 891
502 637
626 667
620 713
586 694
549 773
752 819
599 638
549 648
568 638
782 862
533 639
809 846
638 639
516 977
679 729
628 640
502 640
550 835
801 802
805 941
614 827
554 926
521 980
578 641
791 834
553 646
511 700
680 698
650 782
655 733
688 940
816 881
595 688
576 934
577 643
527 853
554 685
812 843
555 940
638 645
514 645
882 906
533 646
569 646
807 914
619 776
683 992
770 780
640 646
746 918
653 859
644 646
856 954
615 779
545 745
682 786
632 648
659 661
565 649
600 649
589 762
575 649
639 649
568 651
689 918
571 651
588 685
625 739
564 652
534 652
591 971
690 852
589 930
641 652
542 675
587 846
687 776
532 653
539 911
553 716
547 653
656 835
656 785
506 658
615 856
541 658
607 658
731 872
676 805
784 789
523 772
536 659
711 772
522 801
879 926
976 991
685 698
624 939
657 713
723 794
849 923
845 855
528 740
599 660
747 867
683 791
751 805
554 660
775 835
703 978
536 966
533 673
718 778
655 875
514 661
520 874
503 662
638 662
547 688
537 663
634 663
559 995
844 868
546 663
613 663
641 666
817 853
658 666
618 663
657 861
686 804
654 761
634 908
617 946
510 664
871 978
712 768
799 864
678 775
866 948
587 742
593 689
657 784
522 871
747 986
775 869
744 746
542 872
658 835
500 842
637 665
525 665
740 778
597 666
602 791
650 925
708 883
603 666
845 905
638 666
627 774
535 667
539 667
817 907
596 668
660 668
688 983
786 854
628 669
534 669
567 669
536 669
542 669
939 942
505 670
673 942
574 670
785 893
653 944
676 700
576 800
655 936
604 671
521 671
652 671
580 768
550 753
699 961
504 674
536 674
690 964
691 700
659 723
540 674
510 674
619 945
860 931
723 771
647 674
626 820
592 825
816 960
553 884
628 677
503 677
505 677
574 677
653 727
836 927
674 763
623 784
716 738
520 678
613 826
651 678
934 949
597 728
515 918
681 738
542 679
671 679
583 875
527 844
557 865
529 747
611 833
714 939
514 681
675 681
588 815
530 792
637 682
610 804
557 761
698 793
608 683
577 683
634 891
525 738
617 812
708 802
620 806
523 698
681 687
636 684
559 696
642 684
674 773
743 848
576 702
771 974
695 876
543 686
697 801
526 977
914 979
814 832
543 768
578 690
592 929
563 886
671 967
609 687
531 725
621 929
518 687
781 981
808 940
517 721
526 727
649 763
547 715
661 691
630 691
570 691
605 691
575 837
938 983
609 691
791 912
681 943
646 841
566 711
544 692
839 944
632 693
527 721
660 694
779 985
559 997
633 694
722 973
907 937
847 861
527 734
606 734
622 819
557 736
610 696
643 696
524 918
553 696
608 698
513 698
565 699
838 842
843 856
822 861
677 760
698 699
894 950
540 876
711 971
521 738
680 957
614 699
576 722
567 700
591 768
632 700
754 814
602 700
568 705
529 863
538 705
882 935
578 705
838 839
646 705
648 705
649 855
522 796
644 745
643 796
501 707
652 858
778 779
592 976
573 707
831 929
813 894
517 707
615 707
596 819
546 791
743 907
539 708
606 977
661 709
502 836
664 709
603 709
668 709
782 947
531 817
659 975
647 709
519 709
693 710
535 710
632 710
563 970
672 710
612 710
807 873
596 711
674 863
745 827
513 712
906 969
669 758
629 715
776 988
632 715
697 715
634 716
621 888
576 716
540 941
677 716
660 717
583 737
575 717
530 924
522 876
595 736
522 724
568 721
819 965
559 806
573 721
596 722
562 727
598 722
731 734
676 811
899 947
602 725
571 955
604 725
576 725
609 725
684 983
549 744
682 875
915 917
714 725
800 962
814 925
843 850
725 727
510 727
745 888
775 993
863 963
574 729
640 729
536 730
594 754
627 820
605 730
743 829
576 730
818 837
593 889
656 860
652 730
622 759
977 993
668 731
809 945
810 874
576 731
609 731
589 928
708 731
583 731
833 843
503 732
697 732
699 732
572 732
676 919
681 808
639 732
703 944
810 833
691 773
624 898
648 773
755 896
666 733
514 733
723 949
712 733
650 954
629 734
566 734
778 924
726 735
514 775
742 911
731 735
943 983
619 898
708 945
519 735
525 952
575 834
528 961
729 737
598 793
640 737
640 870
588 906
695 738
698 738
553 981
821 912
704 939
533 740
597 740
667 740
607 740
575 740
706 740
753 796
817 849
691 783
553 740
581 832
622 767
612 741
519 844
781 862
629 742
718 883
539 742
567 743
841 870
729 743
571 743
649 849
704 743
679 918
567 744
633 744
732 744
792 968
705 744
858 988
523 883
514 744
724 745
746 758
530 776
502 746
664 746
651 794
587 851
570 747
620 791
711 844
526 824
579 747
646 747
628 749
503 749
518 860
564 750
737 812
569 750
578 750
684 813
853 947
607 863
596 940
711 869
616 935
847 890
743 751
512 799
713 772
558 751
691 837
533 752
819 883
726 752
671 752
755 792
534 753
652 871
701 793
641 753
645 753
907 968
912 956
536 754
870 881
593 969
542 950
637 833
548 754
647 754
681 754
746 754
687 754
835 855
683 907
649 755
716 755
841 976
531 755
716 888
518 971
613 767
736 756
883 955
578 756
707 756
708 756
617 902
843 988
596 757
740 876
732 757
812 979
607 757
764 955
605 966
615 757
626 959
819 961
588 757
552 966
713 953
815 970
713 933
697 759
675 992
500 760
658 880
686 853
581 869
520 761
601 832
570 762
508 762
540 762
592 910
690 868
720 772
845 904
510 763
594 889
660 764
529 966
846 887
538 764
539 764
737 764
644 882
549 764
616 764
903 910
618 764
628 765
759 765
880 888
634 765
730 765
733 765
736 765
550 765
569 766
504 767
642 796
557 784
637 767
711 957
746 931
660 771
664 771
653 855
641 771
656 983
815 954
651 771
717 771
686 771
592 771
561 812
767 772
782 878
842 897
597 773
573 773
638 773
574 773
799 819
570 774
648 827
764 775
507 837
576 775
505 932
716 852
732 776
519 951
709 776
583 776
735 863
688 858
758 777
594 953
604 777
774 777
532 778
592 810
762 778
530 805
914 941
698 779
731 779
573 833
874 913
703 779
576 779
911 922
705 779
503 780
630 781
631 781
544 846
641 781
569 819
618 781
928 933
756 782
696 782
673 782
904 993
756 968
585 807
728 784
601 784
816 945
500 784
672 784
520 784
746 784
627 835
597 785
630 785
727 785
610 785
776 785
811 935
559 964
549 800
671 831
507 787
510 787
752 925
521 787
565 789
521 935
551 874
573 789
511 789
796 824
527 789
629 790
758 790
591 845
709 827
697 792
573 792
513 792
812 826
757 793
595 925
565 793
629 795
661 795
619 832
750 797
722 949
629 796
592 906
663 796
761 796
772 797
846 992
658 875
675 811
538 797
740 929
540 797
704 797
578 797
706 797
611 797
583 944
540 798
796 798
574 798
685 847
642 798
739 798
643 798
849 869
653 968
727 799
567 799
595 990
842 881
605 799
734 799
943 952
811 826
549 902
670 800
684 869
727 801
556 969
766 934
572 802
564 803
777 943
535 803
663 803
640 803
675 803
550 803
522 803
749 803
613 852
695 833
591 803
720 803
625 803
661 804
726 804
792 804
585 804
685 927
541 804
659 906
608 804
628 805
626 821
632 805
798 805
705 805
908 973
790 806
648 828
778 826
640 872
715 930
788 807
727 807
732 821
670 811
660 947
617 817
899 966
812 868
769 892
520 998
500 808
834 949
658 982
599 809
696 809
682 814
749 896
731 809
723 987
513 967
595 941
916 931
687 996
551 955
523 941
561 949
534 810
792 810
638 831
500 810
515 810
651 905
568 811
632 811
727 812
593 816
837 874
732 834
891 988
607 941
731 813
540 813
671 813
503 815
947 980
505 815
574 815
531 894
589 855
680 815
695 816
669 816
720 816
593 981
608 817
784 935
601 818
698 818
538 818
500 818
525 912
805 818
746 818
566 820
663 820
540 820
805 825
672 820
613 973
579 820
744 886
532 821
664 821
760 821
661 822
535 822
670 822
559 834
767 822
589 868
822 825
568 825
729 825
732 985
580 825
608 891
758 826
915 984
590 879
540 826
544 826
752 933
653 879
669 942
825 985
672 827
772 827
757 828
503 836
557 958
975 995
615 930
567 829
698 829
733 850
758 830
828 830
541 830
813 838
728 832
629 835
531 864
637 835
816 869
823 839
698 839
798 839
630 840
665 840
763 840
829 840
560 974
805 881
577 932
887 908
687 840
772 851
818 840
586 901
796 953
509 841
607 870
545 841
581 841
820 844
694 844
792 844
757 885
635 844
510 844
650 951
746 845
530 877
558 845
875 911
724 846
533 846
881 958
667 846
788 847
575 847
735 847
674 847
642 847
677 847
837 847
793 896
660 848
694 848
570 848
546 848
535 849
823 849
633 849
769 962
868 966
572 849
745 938
737 849
549 849
806 849
839 849
531 947
567 850
633 850
788 851
508 851
564 852
532 852
597 852
538 852
795 852
539 852
750 984
756 853
692 853
681 895
782 921
547 855
831 853
512 853
706 853
910 916
613 853
518 853
896 963
650 964
509 854
676 854
836 854
584 875
793 855
628 856
657 975
787 884
825 856
751 979
573 856
611 856
528 964
756 857
808 955
521 977
827 857
830 857
641 857
514 857
709 857
736 885
663 858
634 858
508 858
500 858
671 858
580 858
820 859
793 859
554 957
797 939
518 859
706 903
903 935
684 859
777 996
504 860
820 861
665 862
827 862
833 862
676 862
710 862
583 862
628 863
790 863
822 863
602 863
636 863
797 863
761 866
795 866
766 866
671 866
863 866
660 966
656 976
785 883
765 867
542 867
610 867
549 867
518 867
711 867
712 867
833 903
822 868
825 868
840 945
545 868
516 868
553 868
976 979
808 873
760 869
684 943
563 888
560 992
847 884
855 872
750 924
729 873
507 873
701 873
829 873
674 873
547 873
660 874
612 954
609 927
660 875
862 875
710 875
693 877
855 877
514 877
706 877
806 877
757 945
714 877
599 878
600 878
531 893
835 878
857 879
671 879
865 879
737 879
588 909
596 880
801 880
706 880
771 880
679 880
653 880
557 920
731 881
604 881
863 881
568 882
890 945
643 882
771 882
866 883
514 883
884 886
792 886
667 886
699 886
835 886
837 886
763 969
508 887
832 887
679 887
823 888
700 888
836 888
779 919
503 889
535 889
792 889
591 991
877 899
660 890
790 890
572 890
703 890
544 890
740 890
517 890
698 892
876 921
886 893
733 893
769 893
614 893
615 893
840 893
782 893
686 893
816 893
761 894
538 894
670 894
639 894
836 894
549 894
582 894
553 894
746 894
845 894
509 895
566 897
639 897
736 897
782 910
644 897
794 898
634 898
858 898
763 898
832 898
800 898
838 939
709 898
566 899
694 899
730 899
891 899
571 899
735 899
543 899
611 899
519 899
843 899
556 899
515 919
630 900
507 900
699 900
544 900
739 900
611 900
869 900
807 900
809 900
617 900
564 901
822 901
801 901
513 901
676 901
836 901
796 932
614 901
774 901
874 901
534 902
569 902
539 902
852 903
628 903
599 903
793 903
697 903
670 903
800 903
888 904
895 904
578 904
516 904
697 905
889 905
893 905
672 905
899 905
664 906
569 906
701 906
865 906
920 967
713 906
747 906
651 906
695 907
601 907
672 907
802 907
771 907
547 907
870 907
695 909
855 909
889 909
508 909
669 909
575 909
544 909
804 909
777 909
811 909
627 966
748 909
664 910
857 910
602 910
539 910
614 985
673 910
825 911
762 911
862 950
695 914
728 914
633 914
529 957
888 916
668 916
608 916
737 916
775 916
905 916
524 916
923 934
713 998
827 917
699 917
509 917
766 917
638 917
901 917
521 917
842 917
779 917
592 917
723 917
852 918
597 918
622 942
888 918
731 918
594 957
768 918
668 919
767 919
718 981
743 947
917 920
506 920
572 920
852 921
916 921
857 921
762 921
602 921
655 993
512 954
543 939
509 968
618 921
694 922
600 922
634 922
636 922
574 922
609 922
674 922
838 922
898 967
808 922
915 978
556 968
823 923
685 944
860 923
741 923
650 923
907 923
760 924
890 924
549 924
806 924
614 924
552 951
916 925
508 925
892 925
860 925
512 925
547 925
727 926
664 926
764 926
702 992
518 926
919 961
858 927
699 927
884 928
761 928
810 985
671 928
864 928
771 928
518 928
730 929
555 997
861 929
537 930
633 930
861 930
800 930
675 930
517 930
742 930
628 932
661 932
790 932
727 932
724 933
513 962
569 933
634 933
667 933
661 934
629 934
630 934
919 935
670 935
678 935
631 936
824 936
734 936
526 997
907 936
619 936
820 937
534 937
791 937
728 937
889 937
793 937
671 937
566 938
544 938
742 938
679 938
743 938
792 939
696 939
599 943
811 957
719 949
858 943
606 943
574 943
702 943
576 943
692 944
597 944
536 944
631 948
667 948
501 949
533 949
503 949
759 949
857 949
569 949
858 949
666 949
636 949
639 949
924 950
887 951
824 951
542 951
863 951
640 951
545 951
775 951
793 952
763 952
831 952
722 995
932 952
516 952
905 952
746 952
635 953
949 954
852 956
948 956
626 985
754 997
728 956
947 973
634 956
796 956
547 956
723 989
522 956
942 956
661 957
749 998
536 957
646 957
550 957
917 958
826 958
544 958
506 959
798 959
549 959
838 959
874 959
909 959
839 988
505 960
891 960
542 960
500 960
514 960
902 960
522 960
598 961
950 963
823 963
890 963
923 963
663 964
954 964
507 964
892 964
734 964
577 964
932 964
709 978
706 965
867 965
964 965
582 965
713 965
526 965
944 965
665 969
660 970
888 970
955 970
829 970
670 970
767 970
800 970
515 970
901 970
709 970
711 970
886 971
791 971
889 971
538 971
826 971
860 971
733 971
573 971
798 971
767 971
897 971
848 986
533 972
760 972
507 972
704 972
770 972
676 972
773 972
775 972
724 973
951 973
612 973
885 974
799 974
673 974
643 974
697 975
731 975
734 975
855 985
679 975
553 975
656 975
599 976
538 976
764 976
606 976
835 976
695 977
746 982
919 977
824 977
956 977
926 977
656 980
789 978
919 979
926 979
545 979
675 979
711 979
616 979
777 979
669 980
960 980
865 980
905 993
584 980
692 981
951 981
540 981
669 981
734 981
766 981
703 981
642 981
569 982
602 982
769 982
611 982
808 982
905 982
937 982
841 982
825 983
941 986
698 983
669 983
927 983
743 983
904 983
937 983
554 983
823 984
503 985
570 986
924 986
543 986
608 986
900 986
711 986
583 986
743 986
840 986
779 986
843 986
728 987
571 987
927 987
960 987
674 987
771 987
844 987
912 987
919 988
951 989
860 989
606 989
676 989
869 989
967 989
811 989
602 990
603 990
511 990
544 990
548 990
617 990
905 990
921 991
698 991
602 991
508 991
578 991
740 991
964 991
774 991
872 991
501 992
698 992
700 992
501 993
821 993
725 993
983 993
505 993
889 993
830 993
607 993
772 993
660 994
503 994
798 994
832 994
737 994
674 994
836 994
934 994
904 994
681 994
504 995
763 995
605 995
958 995
543 995
802 995
782 995
616 995
906 995
599 996
634 996
510 996
541 996
894 996
991 996
710 996
775 996
520 996
504 997
604 997
927 997
548 997
837 997
741 997
550 997
534 998
823 998
600 998
920 998
826 998
574 998
640 998
853 999
889 999
572 999
643 999
997 999
744 999
651 999
748 999
718 999
483 549
289 593
496 523
402 556
316 942
294 997
260 872
