100
21 23
28 29
15 25
19 43
20 23
9 20
31 38
8 0
14 22
12 11
7 46
14 16
15 22
4 11
5 11
44 45
7 11
8 11
26 46
13 31
2 13
21 22
9 45
8 13
6 45
10 13
1 14
18 26
3 14
27 37
18 45
14 18
8 14
27 29
27 30
27 28
20 25
23 42
6 15
10 16
21 34
21 29
25 37
31 33
19 40
28 35
28 40
17 27
28 44
17 37
23 26
14 17
28 47
6 17
0 20
23 35
3 18
10 18
17 19
18 19
14 20
6 22
22 23
17 20
19 20
35 45
6 21
18 43
19 21
4 21
9 22
23 40
3 46
23 47
19 37
4 23
10 23
0 23
13 23
25 34
20 48
18 23
31 40
23 29
22 26
10 24
11 24
15 24
21 42
21 30
28 36
7 25
9 25
10 25
0 25
3 37
13 25
9 27
7 26
8 26
9 26
25 44
31 41
36 42
35 46
19 31
20 44
17 42
7 28
14 28
17 43
44 47
11 29
14 29
19 29
20 29
12 30
1 30
29 44
23 30
24 42
13 30
14 30
14 45
20 43
3 31
30 41
6 32
7 32
10 46
15 32
17 32
19 38
21 32
0 42
16 47
3 33
10 33
16 33
17 33
20 33
26 33
27 33
3 34
4 34
9 40
7 34
15 34
33 35
34 35
7 35
32 36
33 36
34 36
3 36
24 37
6 36
10 36
30 36
20 36
21 36
22 36
24 36
2 37
1 38
33 38
2 38
35 38
36 38
5 38
7 38
13 38
16 38
32 39
4 39
36 39
5 39
8 39
0 39
14 39
25 39
34 40
35 40
36 40
39 40
33 41
3 41
36 41
5 41
30 43
15 41
17 41
22 43
4 43
38 43
7 43
0 43
15 43
16 43
34 44
2 44
7 44
40 44
41 44
4 45
13 44
40 46
18 44
32 46
12 46
32 47
33 47
34 47
2 47
4 47
5 47
38 47
7 47
8 47
40 47
10 47
11 47
12 48
33 48
2 48
3 48
4 48
39 48
14 48
12 49
1 49
2 49
42 49
44 49
11 49
46 49
15 49
48 49
19 49
22 49
26 49
27 49
51 50
78 90
72 90
67 72
69 70
56 50
57 50
73 83
50 66
76 78
72 95
64 75
68 72
56 78
74 93
66 69
68 76
80 94
50 63
83 96
53 63
61 67
62 63
66 75
65 84
66 87
65 67
59 63
51 64
75 93
77 81
81 84
77 83
70 78
74 98
52 77
75 84
69 75
53 65
70 98
64 67
55 65
50 91
64 76
71 94
54 77
66 73
81 87
56 66
57 66
77 96
51 67
61 69
59 78
68 89
69 73
56 67
69 76
60 67
59 69
76 88
53 68
93 95
56 68
89 95
50 75
70 93
64 71
57 77
73 85
56 70
57 70
58 70
59 70
60 70
80 90
72 83
64 70
74 83
72 73
52 71
74 77
55 71
78 94
58 71
72 98
81 82
59 72
64 96
65 72
66 72
51 73
70 79
64 94
78 97
59 73
50 73
65 96
52 74
53 78
61 74
56 77
81 88
69 83
68 74
51 75
53 75
60 89
57 75
62 91
59 75
60 75
63 76
62 76
80 98
57 76
58 76
60 76
79 82
53 80
79 90
75 85
50 80
66 84
64 80
65 80
73 87
59 96
75 80
65 81
69 86
67 81
69 81
54 82
62 82
56 82
57 82
67 87
68 95
61 82
65 82
71 90
65 98
73 82
51 83
59 89
56 83
59 83
77 95
82 84
54 84
81 92
69 84
51 85
83 85
75 94
58 85
89 91
83 86
53 86
71 86
70 91
57 86
59 86
50 86
63 94
62 87
86 87
55 87
56 87
59 87
60 87
63 87
51 88
82 88
52 88
55 88
69 93
70 90
70 88
51 89
54 89
55 89
56 89
74 91
58 89
51 90
52 90
53 90
54 90
56 90
88 90
58 90
67 90
53 91
85 91
52 92
54 92
88 92
91 92
70 92
75 92
72 97
62 93
88 93
58 93
59 93
90 95
50 93
97 98
64 93
66 93
51 94
86 94
87 94
88 94
89 94
91 94
92 94
74 96
62 95
86 95
83 97
54 97
56 97
57 97
58 97
59 97
91 97
69 97
82 98
83 98
88 98
89 98
92 98
50 98
61 98
63 98
96 98
51 99
52 99
83 99
85 99
61 99
95 99
77 99
80 99
7 97
