102
0 1
0 2
0 3
4 5
4 6
4 7
8 9
8 10
8 11
1 5
5 9
3 7
2 6
6 10
7 11
12 13
12 14
12 15
9 13
11 15
10 14
16 17
16 18
16 19
13 17
15 19
14 18
20 21
20 22
20 23
17 21
19 23
18 22
24 25
24 26
24 27
21 25
23 27
22 26
28 29
28 30
28 31
25 29
27 31
26 30
32 33
32 34
32 35
29 33
31 35
30 34
36 37
36 38
36 39
33 37
35 39
34 38
40 41
40 42
40 43
37 41
39 43
38 42
44 45
44 46
44 47
41 45
43 47
42 46
48 49
48 50
48 51
45 49
47 51
46 50
52 53
52 54
52 55
49 53
51 55
50 54
56 57
56 58
56 59
53 57
55 59
54 58
60 61
60 62
60 63
57 61
59 63
58 62
64 65
64 66
64 67
61 65
63 67
62 66
68 69
68 70
71 2
65 69
75 3
66 70
72 73
72 74
98 75
69 73
99 71
70 74
76 77
76 78
76 79
73 77
101 1
74 78
80 81
80 82
80 83
77 81
79 83
78 82
84 85
84 86
84 87
81 85
83 87
82 86
88 89
88 90
88 91
85 89
87 91
86 90
92 93
92 94
92 95
89 93
91 95
90 94
96 97
96 98
96 99
93 97
95 99
94 98
100 101
100 75
100 71
97 101
