116
0 1
0 2
15 3
92 112
1 4
35 15
4 5
2 6
109 3
6 7
5 8
7 8
4 9
5 10
9 10
8 11
10 11
6 12
7 13
12 13
8 14
13 14
63 35
97 63
9 16
10 17
16 17
11 18
17 18
99 63
18 19
12 20
13 21
20 21
14 22
21 22
98 35
22 23
19 24
23 24
16 25
17 26
25 26
18 27
26 27
19 28
27 28
24 29
28 29
20 30
21 31
30 31
22 32
31 32
23 33
32 33
24 34
33 34
115 99
95 115
25 36
26 37
36 37
27 38
37 38
28 39
38 39
29 40
39 40
114 115
40 41
30 42
31 43
42 43
32 44
43 44
33 45
44 45
34 46
45 46
96 99
46 47
41 48
47 48
36 49
37 50
49 50
38 51
50 51
39 52
51 52
40 53
52 53
41 54
53 54
48 55
54 55
42 56
43 57
56 57
44 58
57 58
45 59
58 59
46 60
59 60
47 61
60 61
48 62
61 62
113 114
93 113
49 64
50 65
64 65
51 66
65 66
52 67
66 67
53 68
67 68
54 69
68 69
55 70
69 70
112 113
70 71
56 72
57 73
72 73
58 74
73 74
59 75
74 75
60 76
75 76
61 77
76 77
62 78
77 78
94 114
78 79
71 80
79 80
64 81
65 82
81 82
66 83
82 83
67 84
83 84
68 85
84 85
69 86
85 86
70 87
86 87
71 88
87 88
80 89
88 89
72 90
73 91
90 91
74 92
91 92
75 93
92 93
76 94
93 94
77 95
94 95
78 96
95 96
79 97
96 97
80 98
97 98
111 112
91 111
81 100
82 101
100 101
83 102
101 102
84 103
102 103
85 104
103 104
86 105
104 105
87 106
105 106
88 107
106 107
89 108
107 108
110 111
108 109
90 110
