101
0 1
1 2
1 3
0 4
1 5
0 6
5 7
4 8
3 9
0 10
5 11
4 12
3 13
0 14
4 15
1 16
4 17
16 18
8 19
14 20
0 21
15 22
12 23
4 24
24 25
2 26
8 27
14 28
10 29
6 30
3 31
17 32
26 33
27 34
2 35
27 36
10 37
4 38
35 39
16 40
1 41
5 42
14 43
26 44
3 45
24 46
38 47
33 48
16 49
27 50
14 51
21 52
41 53
8 54
33 55
3 56
21 57
21 58
38 59
55 60
4 61
27 62
41 63
0 64
19 65
24 66
54 67
8 68
16 69
17 70
8 71
44 72
15 73
8 74
4 75
16 76
65 77
21 78
75 79
12 80
65 81
12 82
10 83
61 84
55 85
0 86
5 87
41 88
4 89
14 90
17 91
77 92
21 93
74 94
15 95
24 96
81 97
4 98
17 99
24 100
