1002
0 1
0 2
0 3
4 5
4 6
4 7
8 9
8 10
8 11
1 5
5 9
3 7
2 6
6 10
7 11
12 13
12 14
12 15
9 13
11 15
10 14
16 17
16 18
16 19
13 17
15 19
14 18
20 21
20 22
20 23
17 21
19 23
18 22
24 25
24 26
24 27
21 25
23 27
22 26
28 29
28 30
28 31
25 29
27 31
26 30
32 33
32 34
32 35
29 33
31 35
30 34
36 37
36 38
36 39
33 37
35 39
34 38
40 41
40 42
40 43
37 41
39 43
38 42
44 45
44 46
44 47
41 45
43 47
42 46
48 49
48 50
48 51
45 49
47 51
46 50
52 53
52 54
52 55
49 53
51 55
50 54
56 57
56 58
56 59
53 57
55 59
54 58
60 61
60 62
60 63
57 61
59 63
58 62
64 65
64 66
64 67
61 65
63 67
62 66
68 69
68 70
68 71
65 69
67 71
66 70
72 73
72 74
72 75
69 73
71 75
70 74
76 77
76 78
76 79
73 77
75 79
74 78
80 81
80 82
80 83
77 81
79 83
78 82
84 85
84 86
84 87
81 85
83 87
82 86
88 89
88 90
88 91
85 89
87 91
86 90
92 93
92 94
92 95
89 93
91 95
90 94
96 97
96 98
96 99
93 97
95 99
94 98
100 101
100 102
100 103
97 101
99 103
98 102
104 105
104 106
104 107
101 105
103 107
102 106
108 109
108 110
108 111
105 109
107 111
106 110
112 113
112 114
112 115
109 113
111 115
110 114
116 117
116 118
116 119
113 117
115 119
114 118
120 121
120 122
120 123
117 121
119 123
118 122
124 125
124 126
124 127
121 125
123 127
122 126
128 129
128 130
128 131
125 129
127 131
126 130
132 133
132 134
132 135
129 133
131 135
130 134
136 137
136 138
136 139
133 137
135 139
134 138
140 141
140 142
140 143
137 141
139 143
138 142
144 145
144 146
144 147
141 145
143 147
142 146
148 149
148 150
148 151
145 149
147 151
146 150
152 153
152 154
152 155
149 153
151 155
150 154
156 157
156 158
156 159
153 157
155 159
154 158
160 161
160 162
160 163
157 161
159 163
158 162
164 165
164 166
164 167
161 165
163 167
162 166
168 169
168 170
168 171
165 169
167 171
166 170
172 173
172 174
172 175
169 173
171 175
170 174
176 177
176 178
176 179
173 177
175 179
174 178
180 181
180 182
180 183
177 181
179 183
178 182
184 185
184 186
184 187
181 185
183 187
182 186
188 189
188 190
188 191
185 189
187 191
186 190
192 193
192 194
192 195
189 193
191 195
190 194
196 197
196 198
196 199
193 197
195 199
194 198
200 201
200 202
200 203
197 201
199 203
198 202
204 205
204 206
204 207
201 205
203 207
202 206
208 209
208 210
208 211
205 209
207 211
206 210
212 213
212 214
212 215
209 213
211 215
210 214
216 217
216 218
216 219
213 217
215 219
214 218
220 221
220 222
220 223
217 221
219 223
218 222
224 225
224 226
224 227
221 225
223 227
222 226
228 229
228 230
228 231
225 229
227 231
226 230
232 233
232 234
232 235
229 233
231 235
230 234
236 237
236 238
236 239
233 237
235 239
234 238
240 241
240 242
240 243
237 241
239 243
238 242
244 245
244 246
244 247
241 245
243 247
242 246
248 249
248 250
248 251
245 249
247 251
246 250
252 253
252 254
252 255
249 253
251 255
250 254
256 257
256 258
256 259
253 257
255 259
254 258
260 261
260 262
260 263
257 261
259 263
258 262
264 265
264 266
264 267
261 265
263 267
262 266
268 269
268 270
268 271
265 269
267 271
266 270
272 273
272 274
272 275
269 273
271 275
270 274
276 277
276 278
276 279
273 277
275 279
274 278
280 281
280 282
280 283
277 281
279 283
278 282
284 285
284 286
284 287
281 285
283 287
282 286
288 289
288 290
288 291
285 289
287 291
286 290
292 293
292 294
292 295
289 293
291 295
290 294
296 297
296 298
296 299
293 297
295 299
294 298
300 301
300 302
300 303
297 301
299 303
298 302
304 305
304 306
304 307
301 305
303 307
302 306
308 309
308 310
308 311
305 309
307 311
306 310
312 313
312 314
312 315
309 313
311 315
310 314
316 317
316 318
316 319
313 317
315 319
314 318
320 321
320 322
320 323
317 321
319 323
318 322
324 325
324 326
324 327
321 325
323 327
322 326
328 329
328 330
328 331
325 329
327 331
326 330
332 333
332 334
332 335
329 333
331 335
330 334
336 337
336 338
336 339
333 337
335 339
334 338
340 341
340 342
340 343
337 341
339 343
338 342
344 345
344 346
344 347
341 345
343 347
342 346
348 349
348 350
348 351
345 349
347 351
346 350
352 353
352 354
352 355
349 353
351 355
350 354
356 357
356 358
356 359
353 357
355 359
354 358
360 361
360 362
360 363
357 361
359 363
358 362
364 365
364 366
364 367
361 365
363 367
362 366
368 369
368 370
368 371
365 369
367 371
366 370
372 373
372 374
372 375
369 373
371 375
370 374
376 377
376 378
376 379
373 377
375 379
374 378
380 381
380 382
380 383
377 381
379 383
378 382
384 385
384 386
384 387
381 385
383 387
382 386
388 389
388 390
388 391
385 389
387 391
386 390
392 393
392 394
392 395
389 393
391 395
390 394
396 397
396 398
396 399
393 397
395 399
394 398
400 401
400 402
400 403
397 401
399 403
398 402
404 405
404 406
404 407
401 405
403 407
402 406
408 409
408 410
408 411
405 409
407 411
406 410
412 413
412 414
412 415
409 413
411 415
410 414
416 417
416 418
416 419
413 417
415 419
414 418
420 421
420 422
420 423
417 421
419 423
418 422
424 425
424 426
424 427
421 425
423 427
422 426
428 429
428 430
428 431
425 429
427 431
426 430
432 433
432 434
432 435
429 433
431 435
430 434
436 437
436 438
436 439
433 437
435 439
434 438
440 441
440 442
440 443
437 441
439 443
438 442
444 445
444 446
444 447
441 445
443 447
442 446
448 449
448 450
448 451
445 449
447 451
446 450
452 453
452 454
452 455
449 453
451 455
450 454
456 457
456 458
456 459
453 457
455 459
454 458
460 461
460 462
460 463
457 461
459 463
458 462
464 465
464 466
464 467
461 465
463 467
462 466
468 469
468 470
468 471
465 469
467 471
466 470
472 473
472 474
472 475
469 473
471 475
470 474
476 477
476 478
476 479
473 477
475 479
474 478
480 481
480 482
480 483
477 481
479 483
478 482
484 485
484 486
484 487
481 485
483 487
482 486
488 489
488 490
488 491
485 489
487 491
486 490
492 493
492 494
492 495
489 493
491 495
490 494
496 497
496 498
496 499
493 497
495 499
494 498
500 501
500 502
500 503
497 501
499 503
498 502
504 505
504 506
504 507
501 505
503 507
502 506
508 509
508 510
508 511
505 509
507 511
506 510
512 513
512 514
512 515
509 513
511 515
510 514
516 517
516 518
516 519
513 517
515 519
514 518
520 521
520 522
520 523
517 521
519 523
518 522
524 525
524 526
524 527
521 525
523 527
522 526
528 529
528 530
528 531
525 529
527 531
526 530
532 533
532 534
532 535
529 533
531 535
530 534
536 537
536 538
536 539
533 537
535 539
534 538
540 541
540 542
540 543
537 541
539 543
538 542
544 545
544 546
544 547
541 545
543 547
542 546
548 549
548 550
548 551
545 549
547 551
546 550
552 553
552 554
552 555
549 553
551 555
550 554
556 557
556 558
556 559
553 557
555 559
554 558
560 561
560 562
560 563
557 561
559 563
558 562
564 565
564 566
564 567
561 565
563 567
562 566
568 569
568 570
568 571
565 569
567 571
566 570
572 573
572 574
572 575
569 573
571 575
570 574
576 577
576 578
576 579
573 577
575 579
574 578
580 581
580 582
580 583
577 581
579 583
578 582
584 585
584 586
584 587
581 585
583 587
582 586
588 589
588 590
588 591
585 589
587 591
586 590
592 593
592 594
592 595
589 593
591 595
590 594
596 597
596 598
596 599
593 597
595 599
594 598
600 601
600 602
600 603
597 601
599 603
598 602
604 605
604 606
604 607
601 605
603 607
602 606
608 609
608 610
608 611
605 609
607 611
606 610
612 613
612 614
612 615
609 613
611 615
610 614
616 617
616 618
616 619
613 617
615 619
614 618
620 621
620 622
620 623
617 621
619 623
618 622
624 625
624 626
624 627
621 625
623 627
622 626
628 629
628 630
628 631
625 629
627 631
626 630
632 633
632 634
632 635
629 633
631 635
630 634
636 637
636 638
636 639
633 637
635 639
634 638
640 641
640 642
640 643
637 641
639 643
638 642
644 645
644 646
644 647
641 645
643 647
642 646
648 649
648 650
648 651
645 649
647 651
646 650
652 653
652 654
652 655
649 653
651 655
650 654
656 657
656 658
656 659
653 657
655 659
654 658
660 661
660 662
660 663
657 661
659 663
658 662
664 665
664 666
664 667
661 665
663 667
662 666
668 669
668 670
668 671
665 669
667 671
666 670
672 673
672 674
672 675
669 673
671 675
670 674
676 677
676 678
676 679
673 677
675 679
674 678
680 681
680 682
680 683
677 681
679 683
678 682
684 685
684 686
684 687
681 685
683 687
682 686
688 689
688 690
688 691
685 689
687 691
686 690
692 693
692 694
692 695
689 693
691 695
690 694
696 697
696 698
696 699
693 697
695 699
694 698
700 701
700 702
700 703
697 701
699 703
698 702
704 705
704 706
704 707
701 705
703 707
702 706
708 709
708 710
708 711
705 709
707 711
706 710
712 713
712 714
712 715
709 713
711 715
710 714
716 717
716 718
716 719
713 717
715 719
714 718
720 721
720 722
720 723
717 721
719 723
718 722
724 725
724 726
724 727
721 725
723 727
722 726
729 2
728 730
728 731
733 3
727 731
726 730
998 733
732 734
732 735
999 729
731 735
730 734
736 737
736 738
736 739
1001 1
735 739
734 738
740 741
740 742
740 743
737 741
739 743
738 742
744 745
744 746
744 747
741 745
743 747
742 746
748 749
748 750
748 751
745 749
747 751
746 750
752 753
752 754
752 755
749 753
751 755
750 754
756 757
756 758
756 759
753 757
755 759
754 758
760 761
760 762
760 763
757 761
759 763
758 762
764 765
764 766
764 767
761 765
763 767
762 766
768 769
768 770
768 771
765 769
767 771
766 770
772 773
772 774
772 775
769 773
771 775
770 774
776 777
776 778
776 779
773 777
775 779
774 778
780 781
780 782
780 783
777 781
779 783
778 782
784 785
784 786
784 787
781 785
783 787
782 786
788 789
788 790
788 791
785 789
787 791
786 790
792 793
792 794
792 795
789 793
791 795
790 794
796 797
796 798
796 799
793 797
795 799
794 798
800 801
800 802
800 803
797 801
799 803
798 802
804 805
804 806
804 807
801 805
803 807
802 806
808 809
808 810
808 811
805 809
807 811
806 810
812 813
812 814
812 815
809 813
811 815
810 814
816 817
816 818
816 819
813 817
815 819
814 818
820 821
820 822
820 823
817 821
819 823
818 822
824 825
824 826
824 827
821 825
823 827
822 826
828 829
828 830
828 831
825 829
827 831
826 830
832 833
832 834
832 835
829 833
831 835
830 834
836 837
836 838
836 839
833 837
835 839
834 838
840 841
840 842
840 843
837 841
839 843
838 842
844 845
844 846
844 847
841 845
843 847
842 846
848 849
848 850
848 851
845 849
847 851
846 850
852 853
852 854
852 855
849 853
851 855
850 854
856 857
856 858
856 859
853 857
855 859
854 858
860 861
860 862
860 863
857 861
859 863
858 862
864 865
864 866
864 867
861 865
863 867
862 866
868 869
868 870
868 871
865 869
867 871
866 870
872 873
872 874
872 875
869 873
871 875
870 874
876 877
876 878
876 879
873 877
875 879
874 878
880 881
880 882
880 883
877 881
879 883
878 882
884 885
884 886
884 887
881 885
883 887
882 886
888 889
888 890
888 891
885 889
887 891
886 890
892 893
892 894
892 895
889 893
891 895
890 894
896 897
896 898
896 899
893 897
895 899
894 898
900 901
900 902
900 903
897 901
899 903
898 902
904 905
904 906
904 907
901 905
903 907
902 906
908 909
908 910
908 911
905 909
907 911
906 910
912 913
912 914
912 915
909 913
911 915
910 914
916 917
916 918
916 919
913 917
915 919
914 918
920 921
920 922
920 923
917 921
919 923
918 922
924 925
924 926
924 927
921 925
923 927
922 926
928 929
928 930
928 931
925 929
927 931
926 930
932 933
932 934
932 935
929 933
931 935
930 934
936 937
936 938
936 939
933 937
935 939
934 938
940 941
940 942
940 943
937 941
939 943
938 942
944 945
944 946
944 947
941 945
943 947
942 946
948 949
948 950
948 951
945 949
947 951
946 950
952 953
952 954
952 955
949 953
951 955
950 954
956 957
956 958
956 959
953 957
955 959
954 958
960 961
960 962
960 963
957 961
959 963
958 962
964 965
964 966
964 967
961 965
963 967
962 966
968 969
968 970
968 971
965 969
967 971
966 970
972 973
972 974
972 975
969 973
971 975
970 974
976 977
976 978
976 979
973 977
975 979
974 978
980 981
980 982
980 983
977 981
979 983
978 982
984 985
984 986
984 987
981 985
983 987
982 986
988 989
988 990
988 991
985 989
987 991
986 990
992 993
992 994
992 995
989 993
991 995
990 994
996 997
996 998
996 999
993 997
995 999
994 998
1000 1001
1000 733
1000 729
997 1001
