1008
0 1
0 2
931 993
960 15
1 4
35 15
4 5
2 6
992 993
6 7
5 8
7 8
4 9
5 10
9 10
8 11
10 11
6 12
7 13
12 13
8 14
13 14
63 35
958 63
9 16
10 17
16 17
11 18
17 18
99 63
18 19
12 20
13 21
20 21
14 22
21 22
959 35
22 23
19 24
23 24
16 25
17 26
25 26
18 27
26 27
19 28
27 28
24 29
28 29
20 30
21 31
30 31
22 32
31 32
23 33
32 33
24 34
33 34
143 99
956 143
25 36
26 37
36 37
27 38
37 38
28 39
38 39
29 40
39 40
195 143
40 41
30 42
31 43
42 43
32 44
43 44
33 45
44 45
34 46
45 46
957 99
46 47
41 48
47 48
36 49
37 50
49 50
38 51
50 51
39 52
51 52
40 53
52 53
41 54
53 54
48 55
54 55
42 56
43 57
56 57
44 58
57 58
45 59
58 59
46 60
59 60
47 61
60 61
48 62
61 62
255 195
954 255
49 64
50 65
64 65
51 66
65 66
52 67
66 67
53 68
67 68
54 69
68 69
55 70
69 70
323 255
70 71
56 72
57 73
72 73
58 74
73 74
59 75
74 75
60 76
75 76
61 77
76 77
62 78
77 78
955 195
78 79
71 80
79 80
64 81
65 82
81 82
66 83
82 83
67 84
83 84
68 85
84 85
69 86
85 86
70 87
86 87
71 88
87 88
80 89
88 89
72 90
73 91
90 91
74 92
91 92
75 93
92 93
76 94
93 94
77 95
94 95
78 96
95 96
79 97
96 97
80 98
97 98
399 323
952 399
81 100
82 101
100 101
83 102
101 102
84 103
102 103
85 104
103 104
86 105
104 105
87 106
105 106
88 107
106 107
89 108
107 108
483 399
108 109
90 110
91 111
110 111
92 112
111 112
93 113
112 113
94 114
113 114
95 115
114 115
96 116
115 116
97 117
116 117
98 118
117 118
953 323
118 119
109 120
119 120
100 121
101 122
121 122
102 123
122 123
103 124
123 124
104 125
124 125
105 126
125 126
106 127
126 127
107 128
127 128
108 129
128 129
109 130
129 130
120 131
130 131
110 132
111 133
132 133
112 134
133 134
113 135
134 135
114 136
135 136
115 137
136 137
116 138
137 138
117 139
138 139
118 140
139 140
119 141
140 141
120 142
141 142
575 483
950 575
121 144
122 145
144 145
123 146
145 146
124 147
146 147
125 148
147 148
126 149
148 149
127 150
149 150
128 151
150 151
129 152
151 152
130 153
152 153
131 154
153 154
675 575
154 155
132 156
133 157
156 157
134 158
157 158
135 159
158 159
136 160
159 160
137 161
160 161
138 162
161 162
139 163
162 163
140 164
163 164
141 165
164 165
142 166
165 166
951 483
166 167
155 168
167 168
144 169
145 170
169 170
146 171
170 171
147 172
171 172
148 173
172 173
149 174
173 174
150 175
174 175
151 176
175 176
152 177
176 177
153 178
177 178
154 179
178 179
155 180
179 180
168 181
180 181
156 182
157 183
182 183
158 184
183 184
159 185
184 185
160 186
185 186
161 187
186 187
162 188
187 188
163 189
188 189
164 190
189 190
165 191
190 191
166 192
191 192
167 193
192 193
168 194
193 194
783 675
948 783
169 196
170 197
196 197
171 198
197 198
172 199
198 199
173 200
199 200
174 201
200 201
175 202
201 202
176 203
202 203
177 204
203 204
178 205
204 205
179 206
205 206
180 207
206 207
181 208
207 208
899 783
208 209
182 210
183 211
210 211
184 212
211 212
185 213
212 213
186 214
213 214
187 215
214 215
188 216
215 216
189 217
216 217
190 218
217 218
191 219
218 219
192 220
219 220
193 221
220 221
194 222
221 222
949 675
222 223
209 224
223 224
196 225
197 226
225 226
198 227
226 227
199 228
227 228
200 229
228 229
201 230
229 230
202 231
230 231
203 232
231 232
204 233
232 233
205 234
233 234
206 235
234 235
207 236
235 236
208 237
236 237
209 238
237 238
224 239
238 239
210 240
211 241
240 241
212 242
241 242
213 243
242 243
214 244
243 244
215 245
244 245
216 246
245 246
217 247
246 247
218 248
247 248
219 249
248 249
220 250
249 250
221 251
250 251
222 252
251 252
223 253
252 253
224 254
253 254
3 899
946 3
225 256
226 257
256 257
227 258
257 258
228 259
258 259
229 260
259 260
230 261
260 261
231 262
261 262
232 263
262 263
233 264
263 264
234 265
264 265
235 266
265 266
236 267
266 267
237 268
267 268
238 269
268 269
239 270
269 270
1007 3
270 271
240 272
241 273
272 273
242 274
273 274
243 275
274 275
244 276
275 276
245 277
276 277
246 278
277 278
247 279
278 279
248 280
279 280
249 281
280 281
250 282
281 282
251 283
282 283
252 284
283 284
253 285
284 285
254 286
285 286
947 899
286 287
271 288
287 288
256 289
257 290
289 290
258 291
290 291
259 292
291 292
260 293
292 293
261 294
293 294
262 295
294 295
263 296
295 296
264 297
296 297
265 298
297 298
266 299
298 299
267 300
299 300
268 301
300 301
269 302
301 302
270 303
302 303
271 304
303 304
288 305
304 305
272 306
273 307
306 307
274 308
307 308
275 309
308 309
276 310
309 310
277 311
310 311
278 312
311 312
279 313
312 313
280 314
313 314
281 315
314 315
282 316
315 316
283 317
316 317
284 318
317 318
285 319
318 319
286 320
319 320
287 321
320 321
288 322
321 322
1006 1007
944 1006
289 324
290 325
324 325
291 326
325 326
292 327
326 327
293 328
327 328
294 329
328 329
295 330
329 330
296 331
330 331
297 332
331 332
298 333
332 333
299 334
333 334
300 335
334 335
301 336
335 336
302 337
336 337
303 338
337 338
304 339
338 339
305 340
339 340
1005 1006
340 341
306 342
307 343
342 343
308 344
343 344
309 345
344 345
310 346
345 346
311 347
346 347
312 348
347 348
313 349
348 349
314 350
349 350
315 351
350 351
316 352
351 352
317 353
352 353
318 354
353 354
319 355
354 355
320 356
355 356
321 357
356 357
322 358
357 358
945 1007
358 359
341 360
359 360
324 361
325 362
361 362
326 363
362 363
327 364
363 364
328 365
364 365
329 366
365 366
330 367
366 367
331 368
367 368
332 369
368 369
333 370
369 370
334 371
370 371
335 372
371 372
336 373
372 373
337 374
373 374
338 375
374 375
339 376
375 376
340 377
376 377
341 378
377 378
360 379
378 379
342 380
343 381
380 381
344 382
381 382
345 383
382 383
346 384
383 384
347 385
384 385
348 386
385 386
349 387
386 387
350 388
387 388
351 389
388 389
352 390
389 390
353 391
390 391
354 392
391 392
355 393
392 393
356 394
393 394
357 395
394 395
358 396
395 396
359 397
396 397
360 398
397 398
1004 1005
942 1004
361 400
362 401
400 401
363 402
401 402
364 403
402 403
365 404
403 404
366 405
404 405
367 406
405 406
368 407
406 407
369 408
407 408
370 409
408 409
371 410
409 410
372 411
410 411
373 412
411 412
374 413
412 413
375 414
413 414
376 415
414 415
377 416
415 416
378 417
416 417
379 418
417 418
1003 1004
418 419
380 420
381 421
420 421
382 422
421 422
383 423
422 423
384 424
423 424
385 425
424 425
386 426
425 426
387 427
426 427
388 428
427 428
389 429
428 429
390 430
429 430
391 431
430 431
392 432
431 432
393 433
432 433
394 434
433 434
395 435
434 435
396 436
435 436
397 437
436 437
398 438
437 438
943 1005
438 439
419 440
439 440
400 441
401 442
441 442
402 443
442 443
403 444
443 444
404 445
444 445
405 446
445 446
406 447
446 447
407 448
447 448
408 449
448 449
409 450
449 450
410 451
450 451
411 452
451 452
412 453
452 453
413 454
453 454
414 455
454 455
415 456
455 456
416 457
456 457
417 458
457 458
418 459
458 459
419 460
459 460
440 461
460 461
420 462
421 463
462 463
422 464
463 464
423 465
464 465
424 466
465 466
425 467
466 467
426 468
467 468
427 469
468 469
428 470
469 470
429 471
470 471
430 472
471 472
431 473
472 473
432 474
473 474
433 475
474 475
434 476
475 476
435 477
476 477
436 478
477 478
437 479
478 479
438 480
479 480
439 481
480 481
440 482
481 482
1002 1003
940 1002
441 484
442 485
484 485
443 486
485 486
444 487
486 487
445 488
487 488
446 489
488 489
447 490
489 490
448 491
490 491
449 492
491 492
450 493
492 493
451 494
493 494
452 495
494 495
453 496
495 496
454 497
496 497
455 498
497 498
456 499
498 499
457 500
499 500
458 501
500 501
459 502
501 502
460 503
502 503
461 504
503 504
1001 1002
504 505
462 506
463 507
506 507
464 508
507 508
465 509
508 509
466 510
509 510
467 511
510 511
468 512
511 512
469 513
512 513
470 514
513 514
471 515
514 515
472 516
515 516
473 517
516 517
474 518
517 518
475 519
518 519
476 520
519 520
477 521
520 521
478 522
521 522
479 523
522 523
480 524
523 524
481 525
524 525
482 526
525 526
941 1003
526 527
505 528
527 528
484 529
485 530
529 530
486 531
530 531
487 532
531 532
488 533
532 533
489 534
533 534
490 535
534 535
491 536
535 536
492 537
536 537
493 538
537 538
494 539
538 539
495 540
539 540
496 541
540 541
497 542
541 542
498 543
542 543
499 544
543 544
500 545
544 545
501 546
545 546
502 547
546 547
503 548
547 548
504 549
548 549
505 550
549 550
528 551
550 551
506 552
507 553
552 553
508 554
553 554
509 555
554 555
510 556
555 556
511 557
556 557
512 558
557 558
513 559
558 559
514 560
559 560
515 561
560 561
516 562
561 562
517 563
562 563
518 564
563 564
519 565
564 565
520 566
565 566
521 567
566 567
522 568
567 568
523 569
568 569
524 570
569 570
525 571
570 571
526 572
571 572
527 573
572 573
528 574
573 574
1000 1001
938 1000
529 576
530 577
576 577
531 578
577 578
532 579
578 579
533 580
579 580
534 581
580 581
535 582
581 582
536 583
582 583
537 584
583 584
538 585
584 585
539 586
585 586
540 587
586 587
541 588
587 588
542 589
588 589
543 590
589 590
544 591
590 591
545 592
591 592
546 593
592 593
547 594
593 594
548 595
594 595
549 596
595 596
550 597
596 597
551 598
597 598
999 1000
598 599
552 600
553 601
600 601
554 602
601 602
555 603
602 603
556 604
603 604
557 605
604 605
558 606
605 606
559 607
606 607
560 608
607 608
561 609
608 609
562 610
609 610
563 611
610 611
564 612
611 612
565 613
612 613
566 614
613 614
567 615
614 615
568 616
615 616
569 617
616 617
570 618
617 618
571 619
618 619
572 620
619 620
573 621
620 621
574 622
621 622
939 1001
622 623
599 624
623 624
576 625
577 626
625 626
578 627
626 627
579 628
627 628
580 629
628 629
581 630
629 630
582 631
630 631
583 632
631 632
584 633
632 633
585 634
633 634
586 635
634 635
587 636
635 636
588 637
636 637
589 638
637 638
590 639
638 639
591 640
639 640
592 641
640 641
593 642
641 642
594 643
642 643
595 644
643 644
596 645
644 645
597 646
645 646
598 647
646 647
599 648
647 648
624 649
648 649
600 650
601 651
650 651
602 652
651 652
603 653
652 653
604 654
653 654
605 655
654 655
606 656
655 656
607 657
656 657
608 658
657 658
609 659
658 659
610 660
659 660
611 661
660 661
612 662
661 662
613 663
662 663
614 664
663 664
615 665
664 665
616 666
665 666
617 667
666 667
618 668
667 668
619 669
668 669
620 670
669 670
621 671
670 671
622 672
671 672
623 673
672 673
624 674
673 674
998 999
936 998
625 676
626 677
676 677
627 678
677 678
628 679
678 679
629 680
679 680
630 681
680 681
631 682
681 682
632 683
682 683
633 684
683 684
634 685
684 685
635 686
685 686
636 687
686 687
637 688
687 688
638 689
688 689
639 690
689 690
640 691
690 691
641 692
691 692
642 693
692 693
643 694
693 694
644 695
694 695
645 696
695 696
646 697
696 697
647 698
697 698
648 699
698 699
649 700
699 700
997 998
700 701
650 702
651 703
702 703
652 704
703 704
653 705
704 705
654 706
705 706
655 707
706 707
656 708
707 708
657 709
708 709
658 710
709 710
659 711
710 711
660 712
711 712
661 713
712 713
662 714
713 714
663 715
714 715
664 716
715 716
665 717
716 717
666 718
717 718
667 719
718 719
668 720
719 720
669 721
720 721
670 722
721 722
671 723
722 723
672 724
723 724
673 725
724 725
674 726
725 726
937 999
726 727
701 728
727 728
676 729
677 730
729 730
678 731
730 731
679 732
731 732
680 733
732 733
681 734
733 734
682 735
734 735
683 736
735 736
684 737
736 737
685 738
737 738
686 739
738 739
687 740
739 740
688 741
740 741
689 742
741 742
690 743
742 743
691 744
743 744
692 745
744 745
693 746
745 746
694 747
746 747
695 748
747 748
696 749
748 749
697 750
749 750
698 751
750 751
699 752
751 752
700 753
752 753
701 754
753 754
728 755
754 755
702 756
703 757
756 757
704 758
757 758
705 759
758 759
706 760
759 760
707 761
760 761
708 762
761 762
709 763
762 763
710 764
763 764
711 765
764 765
712 766
765 766
713 767
766 767
714 768
767 768
715 769
768 769
716 770
769 770
717 771
770 771
718 772
771 772
719 773
772 773
720 774
773 774
721 775
774 775
722 776
775 776
723 777
776 777
724 778
777 778
725 779
778 779
726 780
779 780
727 781
780 781
728 782
781 782
996 997
934 996
729 784
730 785
784 785
731 786
785 786
732 787
786 787
733 788
787 788
734 789
788 789
735 790
789 790
736 791
790 791
737 792
791 792
738 793
792 793
739 794
793 794
740 795
794 795
741 796
795 796
742 797
796 797
743 798
797 798
744 799
798 799
745 800
799 800
746 801
800 801
747 802
801 802
748 803
802 803
749 804
803 804
750 805
804 805
751 806
805 806
752 807
806 807
753 808
807 808
754 809
808 809
755 810
809 810
995 996
810 811
756 812
757 813
812 813
758 814
813 814
759 815
814 815
760 816
815 816
761 817
816 817
762 818
817 818
763 819
818 819
764 820
819 820
765 821
820 821
766 822
821 822
767 823
822 823
768 824
823 824
769 825
824 825
770 826
825 826
771 827
826 827
772 828
827 828
773 829
828 829
774 830
829 830
775 831
830 831
776 832
831 832
777 833
832 833
778 834
833 834
779 835
834 835
780 836
835 836
781 837
836 837
782 838
837 838
935 997
838 839
811 840
839 840
784 841
785 842
841 842
786 843
842 843
787 844
843 844
788 845
844 845
789 846
845 846
790 847
846 847
791 848
847 848
792 849
848 849
793 850
849 850
794 851
850 851
795 852
851 852
796 853
852 853
797 854
853 854
798 855
854 855
799 856
855 856
800 857
856 857
801 858
857 858
802 859
858 859
803 860
859 860
804 861
860 861
805 862
861 862
806 863
862 863
807 864
863 864
808 865
864 865
809 866
865 866
810 867
866 867
811 868
867 868
840 869
868 869
812 870
813 871
870 871
814 872
871 872
815 873
872 873
816 874
873 874
817 875
874 875
818 876
875 876
819 877
876 877
820 878
877 878
821 879
878 879
822 880
879 880
823 881
880 881
824 882
881 882
825 883
882 883
826 884
883 884
827 885
884 885
828 886
885 886
829 887
886 887
830 888
887 888
831 889
888 889
832 890
889 890
833 891
890 891
834 892
891 892
835 893
892 893
836 894
893 894
837 895
894 895
838 896
895 896
839 897
896 897
840 898
897 898
994 995
932 994
841 900
842 901
900 901
843 902
901 902
844 903
902 903
845 904
903 904
846 905
904 905
847 906
905 906
848 907
906 907
849 908
907 908
850 909
908 909
851 910
909 910
852 911
910 911
853 912
911 912
854 913
912 913
855 914
913 914
856 915
914 915
857 916
915 916
858 917
916 917
859 918
917 918
860 919
918 919
861 920
919 920
862 921
920 921
863 922
921 922
864 923
922 923
865 924
923 924
866 925
924 925
867 926
925 926
868 927
926 927
869 928
927 928
993 994
928 929
870 930
871 931
930 931
872 932
931 932
873 933
932 933
874 934
933 934
875 935
934 935
876 936
935 936
877 937
936 937
878 938
937 938
879 939
938 939
880 940
939 940
881 941
940 941
882 942
941 942
883 943
942 943
884 944
943 944
885 945
944 945
886 946
945 946
887 947
946 947
888 948
947 948
889 949
948 949
890 950
949 950
891 951
950 951
892 952
951 952
893 953
952 953
894 954
953 954
895 955
954 955
896 956
955 956
897 957
956 957
898 958
957 958
933 995
958 959
929 960
959 960
900 961
901 962
961 962
902 963
962 963
903 964
963 964
904 965
964 965
905 966
965 966
906 967
966 967
907 968
967 968
908 969
968 969
909 970
969 970
910 971
970 971
911 972
971 972
912 973
972 973
913 974
973 974
914 975
974 975
915 976
975 976
916 977
976 977
917 978
977 978
918 979
978 979
919 980
979 980
920 981
980 981
921 982
981 982
922 983
982 983
923 984
983 984
924 985
984 985
925 986
985 986
926 987
986 987
927 988
987 988
928 989
988 989
929 990
989 990
960 991
990 991
930 992
