1001
0 1
0 2
0 3
2 4
3 5
0 6
3 7
1 8
2 9
1 10
10 11
9 12
4 13
13 14
9 15
0 16
2 17
1 18
6 19
16 20
13 21
16 22
1 23
6 24
6 25
10 26
18 27
2 28
13 29
9 30
17 31
28 32
0 33
9 34
6 35
0 36
14 37
23 38
17 39
17 40
6 41
9 42
3 43
13 44
14 45
17 46
17 47
13 48
28 49
10 50
8 51
37 52
29 53
23 54
37 55
51 56
45 57
10 58
14 59
55 60
51 61
28 62
21 63
16 64
28 65
4 66
14 67
55 68
18 69
21 70
55 71
0 72
67 73
51 74
2 75
1 76
28 77
2 78
51 79
14 80
61 81
28 82
59 83
33 84
1 85
61 86
17 87
9 88
4 89
45 90
33 91
23 92
36 93
78 94
28 95
67 96
28 97
75 98
67 99
29 100
6 101
48 102
45 103
13 104
2 105
45 106
2 107
8 108
37 109
78 110
28 111
80 112
28 113
105 114
105 115
76 116
0 117
17 118
29 119
51 120
4 121
29 122
16 123
21 124
10 125
48 126
6 127
121 128
18 129
80 130
3 131
89 132
28 133
76 134
109 135
107 136
2 137
37 138
16 139
59 140
18 141
109 142
66 143
56 144
10 145
2 146
72 147
52 148
56 149
72 150
149 151
36 152
120 153
29 154
10 155
80 156
55 157
89 158
3 159
75 160
16 161
6 162
148 163
67 164
104 165
109 166
74 167
52 168
146 169
105 170
76 171
108 172
48 173
75 174
76 175
138 176
44 177
17 178
148 179
45 180
61 181
1 182
13 183
107 184
17 185
9 186
149 187
0 188
66 189
6 190
33 191
59 192
138 193
138 194
76 195
109 196
144 197
29 198
137 199
188 200
17 201
16 202
37 203
107 204
28 205
52 206
44 207
3 208
48 209
51 210
108 211
52 212
2 213
137 214
55 215
2 216
51 217
8 218
29 219
28 220
144 221
33 222
72 223
33 224
36 225
168 226
51 227
4 228
1 229
37 230
206 231
109 232
138 233
149 234
10 235
48 236
217 237
4 238
1 239
67 240
23 241
0 242
45 243
179 244
203 245
216 246
9 247
105 248
212 249
168 250
213 251
44 252
0 253
148 254
149 255
107 256
10 257
179 258
6 259
197 260
197 261
59 262
66 263
149 264
206 265
16 266
105 267
14 268
14 269
79 270
138 271
210 272
229 273
4 274
188 275
230 276
148 277
197 278
179 279
48 280
149 281
148 282
230 283
67 284
78 285
9 286
117 287
242 288
13 289
213 290
278 291
9 292
120 293
14 294
51 295
105 296
61 297
120 298
79 299
197 300
168 301
230 302
138 303
14 304
9 305
289 306
29 307
8 308
48 309
14 310
76 311
28 312
66 313
48 314
4 315
163 316
316 317
230 318
9 319
228 320
242 321
89 322
138 323
74 324
277 325
52 326
277 327
56 328
197 329
18 330
0 331
61 332
183 333
179 334
228 335
144 336
277 337
23 338
104 339
23 340
304 341
197 342
61 343
242 344
29 345
6 346
218 347
206 348
120 349
316 350
218 351
336 352
277 353
216 354
80 355
242 356
59 357
203 358
242 359
37 360
274 361
3 362
168 363
55 364
10 365
278 366
9 367
2 368
23 369
163 370
37 371
48 372
13 373
16 374
254 375
6 376
4 377
163 378
44 379
66 380
218 381
329 382
239 383
56 384
197 385
67 386
239 387
6 388
67 389
230 390
216 391
230 392
4 393
239 394
138 395
197 396
10 397
23 398
217 399
378 400
107 401
108 402
360 403
79 404
76 405
163 406
120 407
137 408
105 409
55 410
23 411
197 412
328 413
294 414
76 415
396 416
212 417
331 418
117 419
206 420
14 421
107 422
331 423
18 424
80 425
421 426
23 427
328 428
107 429
117 430
61 431
61 432
300 433
146 434
120 435
138 436
121 437
212 438
278 439
117 440
277 441
278 442
182 443
121 444
48 445
385 446
342 447
329 448
105 449
2 450
308 451
48 452
216 453
1 454
168 455
3 456
37 457
9 458
317 459
315 460
373 461
37 462
412 463
221 464
1 465
377 466
17 467
67 468
2 469
78 470
117 471
144 472
137 473
360 474
393 475
36 476
274 477
230 478
384 479
213 480
108 481
79 482
421 483
163 484
8 485
56 486
72 487
239 488
277 489
105 490
80 491
121 492
168 493
121 494
304 495
51 496
294 497
61 498
37 499
17 500
144 501
182 502
137 503
8 504
1 505
163 506
163 507
105 508
107 509
29 510
295 511
17 512
33 513
14 514
486 515
2 516
179 517
504 518
457 519
506 520
514 521
295 522
108 523
373 524
342 525
377 526
1 527
206 528
462 529
48 530
37 531
121 532
197 533
212 534
533 535
61 536
472 537
74 538
331 539
56 540
59 541
277 542
421 543
300 544
188 545
242 546
254 547
72 548
44 549
37 550
315 551
8 552
107 553
261 554
230 555
459 556
504 557
3 558
533 559
9 560
144 561
197 562
393 563
17 564
552 565
561 566
562 567
210 568
229 569
274 570
212 571
85 572
17 573
59 574
454 575
183 576
9 577
44 578
23 579
540 580
278 581
120 582
109 583
149 584
229 585
75 586
105 587
121 588
37 589
206 590
4 591
457 592
163 593
218 594
336 595
317 596
229 597
1 598
540 599
486 600
459 601
589 602
295 603
506 604
316 605
465 606
188 607
556 608
593 609
289 610
216 611
556 612
304 613
203 614
1 615
315 616
75 617
33 618
137 619
212 620
450 621
310 622
210 623
596 624
9 625
562 626
137 627
598 628
304 629
499 630
107 631
316 632
562 633
496 634
148 635
66 636
109 637
373 638
308 639
550 640
227 641
384 642
371 643
591 644
10 645
218 646
10 647
55 648
496 649
179 650
531 651
144 652
242 653
242 654
310 655
274 656
465 657
183 658
328 659
45 660
14 661
368 662
308 663
13 664
486 665
52 666
556 667
74 668
396 669
227 670
608 671
421 672
18 673
450 674
230 675
61 676
378 677
304 678
149 679
8 680
562 681
371 682
238 683
6 684
179 685
16 686
108 687
2 688
107 689
278 690
188 691
216 692
514 693
4 694
316 695
514 696
396 697
260 698
28 699
360 700
52 701
635 702
666 703
228 704
310 705
212 706
612 707
206 708
496 709
2 710
598 711
149 712
261 713
462 714
612 715
2 716
370 717
698 718
163 719
589 720
213 721
67 722
137 723
216 724
254 725
242 726
6 727
44 728
336 729
694 730
457 731
210 732
598 733
329 734
0 735
499 736
80 737
294 738
612 739
562 740
89 741
2 742
269 743
55 744
61 745
459 746
146 747
469 748
716 749
254 750
300 751
507 752
17 753
217 754
561 755
531 756
742 757
213 758
465 759
635 760
504 761
218 762
719 763
556 764
504 765
694 766
533 767
531 768
496 769
107 770
260 771
771 772
462 773
342 774
188 775
308 776
315 777
52 778
694 779
664 780
89 781
216 782
342 783
28 784
556 785
632 786
1 787
593 788
764 789
612 790
527 791
396 792
695 793
168 794
635 795
328 796
74 797
36 798
76 799
612 800
212 801
472 802
787 803
261 804
605 805
556 806
421 807
698 808
329 809
533 810
183 811
48 812
2 813
107 814
421 815
227 816
300 817
393 818
735 819
9 820
598 821
227 822
378 823
486 824
85 825
350 826
718 827
671 828
197 829
829 830
269 831
373 832
459 833
457 834
828 835
735 836
506 837
274 838
385 839
278 840
289 841
253 842
8 843
212 844
664 845
505 846
421 847
168 848
596 849
239 850
310 851
829 852
328 853
2 854
239 855
188 856
282 857
370 858
829 859
304 860
833 861
598 862
229 863
16 864
828 865
56 866
450 867
2 868
66 869
506 870
531 871
37 872
218 873
52 874
8 875
605 876
746 877
829 878
406 879
865 880
589 881
827 882
688 883
6 884
120 885
18 886
138 887
377 888
507 889
393 890
316 891
13 892
74 893
875 894
593 895
282 896
808 897
421 898
778 899
328 900
308 901
121 902
465 903
469 904
89 905
108 906
787 907
787 908
527 909
552 910
694 911
465 912
462 913
51 914
221 915
412 916
486 917
472 918
295 919
294 920
872 921
882 922
278 923
561 924
76 925
228 926
484 927
55 928
75 929
667 930
23 931
868 932
596 933
635 934
2 935
0 936
76 937
242 938
80 939
827 940
1 941
635 942
719 943
396 944
828 945
652 946
373 947
516 948
377 949
507 950
735 951
806 952
615 953
120 954
51 955
667 956
868 957
289 958
78 959
373 960
694 961
304 962
105 963
315 964
701 965
716 966
289 967
746 968
396 969
785 970
56 971
242 972
505 973
217 974
406 975
746 976
229 977
206 978
107 979
465 980
33 981
163 982
891 983
183 984
329 985
368 986
216 987
229 988
393 989
421 990
667 991
168 992
2 993
504 994
163 995
105 996
371 997
843 998
0 999
469 1000
