518
0 1
0 2
15 3
464 508
1 4
35 15
4 5
2 6
505 3
6 7
5 8
7 8
4 9
5 10
9 10
8 11
10 11
6 12
7 13
12 13
8 14
13 14
63 35
481 63
9 16
10 17
16 17
11 18
17 18
99 63
18 19
12 20
13 21
20 21
14 22
21 22
482 35
22 23
19 24
23 24
16 25
17 26
25 26
18 27
26 27
19 28
27 28
24 29
28 29
20 30
21 31
30 31
22 32
31 32
23 33
32 33
24 34
33 34
143 99
479 143
25 36
26 37
36 37
27 38
37 38
28 39
38 39
29 40
39 40
195 143
40 41
30 42
31 43
42 43
32 44
43 44
33 45
44 45
34 46
45 46
480 99
46 47
41 48
47 48
36 49
37 50
49 50
38 51
50 51
39 52
51 52
40 53
52 53
41 54
53 54
48 55
54 55
42 56
43 57
56 57
44 58
57 58
45 59
58 59
46 60
59 60
47 61
60 61
48 62
61 62
255 195
477 255
49 64
50 65
64 65
51 66
65 66
52 67
66 67
53 68
67 68
54 69
68 69
55 70
69 70
323 255
70 71
56 72
57 73
72 73
58 74
73 74
59 75
74 75
60 76
75 76
61 77
76 77
62 78
77 78
478 195
78 79
71 80
79 80
64 81
65 82
81 82
66 83
82 83
67 84
83 84
68 85
84 85
69 86
85 86
70 87
86 87
71 88
87 88
80 89
88 89
72 90
73 91
90 91
74 92
91 92
75 93
92 93
76 94
93 94
77 95
94 95
78 96
95 96
79 97
96 97
80 98
97 98
399 323
475 399
81 100
82 101
100 101
83 102
101 102
84 103
102 103
85 104
103 104
86 105
104 105
87 106
105 106
88 107
106 107
89 108
107 108
483 399
108 109
90 110
91 111
110 111
92 112
111 112
93 113
112 113
94 114
113 114
95 115
114 115
96 116
115 116
97 117
116 117
98 118
117 118
476 323
118 119
109 120
119 120
100 121
101 122
121 122
102 123
122 123
103 124
123 124
104 125
124 125
105 126
125 126
106 127
126 127
107 128
127 128
108 129
128 129
109 130
129 130
120 131
130 131
110 132
111 133
132 133
112 134
133 134
113 135
134 135
114 136
135 136
115 137
136 137
116 138
137 138
117 139
138 139
118 140
139 140
119 141
140 141
120 142
141 142
517 483
473 517
121 144
122 145
144 145
123 146
145 146
124 147
146 147
125 148
147 148
126 149
148 149
127 150
149 150
128 151
150 151
129 152
151 152
130 153
152 153
131 154
153 154
516 517
154 155
132 156
133 157
156 157
134 158
157 158
135 159
158 159
136 160
159 160
137 161
160 161
138 162
161 162
139 163
162 163
140 164
163 164
141 165
164 165
142 166
165 166
474 483
166 167
155 168
167 168
144 169
145 170
169 170
146 171
170 171
147 172
171 172
148 173
172 173
149 174
173 174
150 175
174 175
151 176
175 176
152 177
176 177
153 178
177 178
154 179
178 179
155 180
179 180
168 181
180 181
156 182
157 183
182 183
158 184
183 184
159 185
184 185
160 186
185 186
161 187
186 187
162 188
187 188
163 189
188 189
164 190
189 190
165 191
190 191
166 192
191 192
167 193
192 193
168 194
193 194
515 516
471 515
169 196
170 197
196 197
171 198
197 198
172 199
198 199
173 200
199 200
174 201
200 201
175 202
201 202
176 203
202 203
177 204
203 204
178 205
204 205
179 206
205 206
180 207
206 207
181 208
207 208
514 515
208 209
182 210
183 211
210 211
184 212
211 212
185 213
212 213
186 214
213 214
187 215
214 215
188 216
215 216
189 217
216 217
190 218
217 218
191 219
218 219
192 220
219 220
193 221
220 221
194 222
221 222
472 516
222 223
209 224
223 224
196 225
197 226
225 226
198 227
226 227
199 228
227 228
200 229
228 229
201 230
229 230
202 231
230 231
203 232
231 232
204 233
232 233
205 234
233 234
206 235
234 235
207 236
235 236
208 237
236 237
209 238
237 238
224 239
238 239
210 240
211 241
240 241
212 242
241 242
213 243
242 243
214 244
243 244
215 245
244 245
216 246
245 246
217 247
246 247
218 248
247 248
219 249
248 249
220 250
249 250
221 251
250 251
222 252
251 252
223 253
252 253
224 254
253 254
513 514
469 513
225 256
226 257
256 257
227 258
257 258
228 259
258 259
229 260
259 260
230 261
260 261
231 262
261 262
232 263
262 263
233 264
263 264
234 265
264 265
235 266
265 266
236 267
266 267
237 268
267 268
238 269
268 269
239 270
269 270
512 513
270 271
240 272
241 273
272 273
242 274
273 274
243 275
274 275
244 276
275 276
245 277
276 277
246 278
277 278
247 279
278 279
248 280
279 280
249 281
280 281
250 282
281 282
251 283
282 283
252 284
283 284
253 285
284 285
254 286
285 286
470 514
286 287
271 288
287 288
256 289
257 290
289 290
258 291
290 291
259 292
291 292
260 293
292 293
261 294
293 294
262 295
294 295
263 296
295 296
264 297
296 297
265 298
297 298
266 299
298 299
267 300
299 300
268 301
300 301
269 302
301 302
270 303
302 303
271 304
303 304
288 305
304 305
272 306
273 307
306 307
274 308
307 308
275 309
308 309
276 310
309 310
277 311
310 311
278 312
311 312
279 313
312 313
280 314
313 314
281 315
314 315
282 316
315 316
283 317
316 317
284 318
317 318
285 319
318 319
286 320
319 320
287 321
320 321
288 322
321 322
511 512
467 511
289 324
290 325
324 325
291 326
325 326
292 327
326 327
293 328
327 328
294 329
328 329
295 330
329 330
296 331
330 331
297 332
331 332
298 333
332 333
299 334
333 334
300 335
334 335
301 336
335 336
302 337
336 337
303 338
337 338
304 339
338 339
305 340
339 340
510 511
340 341
306 342
307 343
342 343
308 344
343 344
309 345
344 345
310 346
345 346
311 347
346 347
312 348
347 348
313 349
348 349
314 350
349 350
315 351
350 351
316 352
351 352
317 353
352 353
318 354
353 354
319 355
354 355
320 356
355 356
321 357
356 357
322 358
357 358
468 512
358 359
341 360
359 360
324 361
325 362
361 362
326 363
362 363
327 364
363 364
328 365
364 365
329 366
365 366
330 367
366 367
331 368
367 368
332 369
368 369
333 370
369 370
334 371
370 371
335 372
371 372
336 373
372 373
337 374
373 374
338 375
374 375
339 376
375 376
340 377
376 377
341 378
377 378
360 379
378 379
342 380
343 381
380 381
344 382
381 382
345 383
382 383
346 384
383 384
347 385
384 385
348 386
385 386
349 387
386 387
350 388
387 388
351 389
388 389
352 390
389 390
353 391
390 391
354 392
391 392
355 393
392 393
356 394
393 394
357 395
394 395
358 396
395 396
359 397
396 397
360 398
397 398
509 510
465 509
361 400
362 401
400 401
363 402
401 402
364 403
402 403
365 404
403 404
366 405
404 405
367 406
405 406
368 407
406 407
369 408
407 408
370 409
408 409
371 410
409 410
372 411
410 411
373 412
411 412
374 413
412 413
375 414
413 414
376 415
414 415
377 416
415 416
378 417
416 417
379 418
417 418
508 509
418 419
380 420
381 421
420 421
382 422
421 422
383 423
422 423
384 424
423 424
385 425
424 425
386 426
425 426
387 427
426 427
388 428
427 428
389 429
428 429
390 430
429 430
391 431
430 431
392 432
431 432
393 433
432 433
394 434
433 434
395 435
434 435
396 436
435 436
397 437
436 437
398 438
437 438
466 510
438 439
419 440
439 440
400 441
401 442
441 442
402 443
442 443
403 444
443 444
404 445
444 445
405 446
445 446
406 447
446 447
407 448
447 448
408 449
448 449
409 450
449 450
410 451
450 451
411 452
451 452
412 453
452 453
413 454
453 454
414 455
454 455
415 456
455 456
416 457
456 457
417 458
457 458
418 459
458 459
419 460
459 460
440 461
460 461
420 462
421 463
462 463
422 464
463 464
423 465
464 465
424 466
465 466
425 467
466 467
426 468
467 468
427 469
468 469
428 470
469 470
429 471
470 471
430 472
471 472
431 473
472 473
432 474
473 474
433 475
474 475
434 476
475 476
435 477
476 477
436 478
477 478
437 479
478 479
438 480
479 480
439 481
480 481
440 482
481 482
507 508
463 507
441 484
442 485
484 485
443 486
485 486
444 487
486 487
445 488
487 488
446 489
488 489
447 490
489 490
448 491
490 491
449 492
491 492
450 493
492 493
451 494
493 494
452 495
494 495
453 496
495 496
454 497
496 497
455 498
497 498
456 499
498 499
457 500
499 500
458 501
500 501
459 502
501 502
460 503
502 503
461 504
503 504
506 507
504 505
462 506
