501
0 1
1 2
2 3
1 4
3 5
5 6
1 7
0 8
0 9
6 10
7 11
4 12
5 13
4 14
13 15
3 16
9 17
5 18
18 19
1 20
1 21
0 22
8 23
10 24
3 25
3 26
25 27
23 28
16 29
6 30
3 31
3 32
18 33
7 34
24 35
35 36
35 37
25 38
22 39
20 40
36 41
31 42
5 43
37 44
35 45
21 46
43 47
32 48
43 49
25 50
2 51
4 52
25 53
32 54
7 55
51 56
23 57
32 58
18 59
24 60
7 61
30 62
6 63
13 64
25 65
6 66
8 67
6 68
24 69
5 70
10 71
5 72
31 73
7 74
26 75
71 76
10 77
67 78
41 79
68 80
16 81
37 82
71 83
79 84
43 85
32 86
21 87
7 88
6 89
63 90
35 91
45 92
43 93
4 94
23 95
32 96
79 97
20 98
70 99
35 100
45 101
95 102
26 103
26 104
51 105
21 106
63 107
97 108
79 109
45 110
79 111
60 112
16 113
91 114
70 115
97 116
68 117
16 118
36 119
95 120
89 121
43 122
84 123
70 124
41 125
89 126
95 127
25 128
70 129
109 130
79 131
22 132
57 133
36 134
6 135
60 136
24 137
13 138
7 139
68 140
6 141
6 142
32 143
32 144
2 145
36 146
18 147
70 148
70 149
135 150
22 151
123 152
125 153
123 154
20 155
13 156
131 157
91 158
3 159
68 160
9 161
8 162
100 163
95 164
95 165
13 166
72 167
3 168
23 169
35 170
159 171
3 172
67 173
4 174
10 175
66 176
36 177
36 178
137 179
43 180
63 181
91 182
154 183
95 184
32 185
8 186
145 187
79 188
22 189
26 190
71 191
109 192
69 193
69 194
24 195
79 196
0 197
6 198
152 199
142 200
37 201
41 202
97 203
172 204
36 205
18 206
9 207
162 208
23 209
1 210
197 211
66 212
152 213
152 214
70 215
0 216
89 217
202 218
210 219
213 220
154 221
36 222
68 223
45 224
41 225
22 226
198 227
0 228
23 229
141 230
141 231
57 232
152 233
37 234
205 235
31 236
146 237
84 238
9 239
145 240
7 241
109 242
28 243
97 244
6 245
13 246
37 247
41 248
170 249
16 250
69 251
0 252
63 253
16 254
141 255
178 256
198 257
1 258
141 259
222 260
22 261
258 262
197 263
142 264
119 265
79 266
2 267
70 268
31 269
69 270
131 271
20 272
170 273
196 274
109 275
22 276
4 277
109 278
43 279
5 280
159 281
16 282
172 283
172 284
9 285
267 286
145 287
188 288
36 289
197 290
41 291
210 292
63 293
175 294
72 295
170 296
9 297
197 298
188 299
97 300
162 301
10 302
280 303
36 304
123 305
30 306
125 307
186 308
146 309
23 310
41 311
31 312
142 313
202 314
70 315
248 316
68 317
67 318
28 319
13 320
7 321
32 322
186 323
202 324
175 325
213 326
311 327
60 328
291 329
0 330
169 331
202 332
238 333
3 334
134 335
26 336
175 337
154 338
72 339
152 340
205 341
111 342
13 343
175 344
291 345
225 346
25 347
162 348
154 349
319 350
228 351
123 352
37 353
45 354
214 355
310 356
225 357
72 358
222 359
233 360
199 361
178 362
266 363
134 364
291 365
243 366
202 367
229 368
213 369
119 370
9 371
175 372
26 373
2 374
71 375
26 376
21 377
35 378
340 379
311 380
252 381
141 382
4 383
25 384
330 385
100 386
266 387
79 388
188 389
141 390
23 391
66 392
233 393
1 394
111 395
197 396
366 397
68 398
152 399
20 400
31 401
7 402
28 403
175 404
125 405
43 406
67 407
289 408
89 409
24 410
28 411
2 412
32 413
1 414
410 415
95 416
352 417
334 418
24 419
13 420
21 421
72 422
302 423
35 424
196 425
289 426
21 427
196 428
28 429
213 430
67 431
152 432
388 433
10 434
199 435
366 436
199 437
169 438
57 439
125 440
30 441
170 442
429 443
35 444
291 445
245 446
95 447
205 448
403 449
137 450
302 451
245 452
305 453
109 454
169 455
4 456
109 457
41 458
2 459
142 460
248 461
43 462
28 463
131 464
63 465
152 466
248 467
366 468
45 469
267 470
37 471
225 472
159 473
60 474
152 475
32 476
468 477
146 478
245 479
414 480
145 481
154 482
67 483
123 484
5 485
302 486
145 487
9 488
43 489
228 490
475 491
95 492
35 493
125 494
302 495
123 496
152 497
119 498
414 499
340 500
