106
52 70
9 41
26 30
43 54
19 70
25 54
81 101
13 44
9 33
63 83
78 80
10 25
19 39
40 55
63 99
77 96
43 77
7 28
15 37
12 22
21 22
7 22
13 24
77 78
17 24
31 52
21 25
4 48
20 41
35 49
20 27
22 28
42 51
5 30
27 38
46 63
24 32
16 33
15 75
59 67
6 39
18 62
39 54
41 44
4 81
58 70
77 97
36 52
15 53
45 89
45 56
46 56
3 57
7 63
37 82
32 59
39 59
35 60
40 60
46 88
34 67
38 67
6 97
22 68
57 68
13 96
32 69
67 70
4 72
39 72
12 90
56 92
20 74
87 94
24 78
51 79
52 80
44 80
14 80
18 81
17 83
51 83
26 85
58 85
0 86
92 94
12 87
68 88
37 88
0 89
84 89
64 91
57 91
10 91
34 92
36 93
86 94
54 101
78 95
90 96
82 97
96 99
13 100
92 99
7 100
5 102
