402
0 1
0 2
0 3
4 5
6 2
4 7
8 9
398 10
8 11
1 5
5 9
3 7
10 3
399 6
7 11
12 13
12 14
12 15
9 13
11 15
401 1
16 17
16 18
16 19
13 17
15 19
14 18
20 21
20 22
20 23
17 21
19 23
18 22
24 25
24 26
24 27
21 25
23 27
22 26
28 29
28 30
28 31
25 29
27 31
26 30
32 33
32 34
32 35
29 33
31 35
30 34
36 37
36 38
36 39
33 37
35 39
34 38
40 41
40 42
40 43
37 41
39 43
38 42
44 45
44 46
44 47
41 45
43 47
42 46
48 49
48 50
48 51
45 49
47 51
46 50
52 53
52 54
52 55
49 53
51 55
50 54
56 57
56 58
56 59
53 57
55 59
54 58
60 61
60 62
60 63
57 61
59 63
58 62
64 65
64 66
64 67
61 65
63 67
62 66
68 69
68 70
68 71
65 69
67 71
66 70
72 73
72 74
72 75
69 73
71 75
70 74
76 77
76 78
76 79
73 77
75 79
74 78
80 81
80 82
80 83
77 81
79 83
78 82
84 85
84 86
84 87
81 85
83 87
82 86
88 89
88 90
88 91
85 89
87 91
86 90
92 93
92 94
92 95
89 93
91 95
90 94
96 97
96 98
96 99
93 97
95 99
94 98
100 101
100 102
100 103
97 101
99 103
98 102
104 105
104 106
104 107
101 105
103 107
102 106
108 109
108 110
108 111
105 109
107 111
106 110
112 113
112 114
112 115
109 113
111 115
110 114
116 117
116 118
116 119
113 117
115 119
114 118
120 121
120 122
120 123
117 121
119 123
118 122
124 125
124 126
124 127
121 125
123 127
122 126
128 129
128 130
128 131
125 129
127 131
126 130
132 133
132 134
132 135
129 133
131 135
130 134
136 137
136 138
136 139
133 137
135 139
134 138
140 141
140 142
140 143
137 141
139 143
138 142
144 145
144 146
144 147
141 145
143 147
142 146
148 149
148 150
148 151
145 149
147 151
146 150
152 153
152 154
152 155
149 153
151 155
150 154
156 157
156 158
156 159
153 157
155 159
154 158
160 161
160 162
160 163
157 161
159 163
158 162
164 165
164 166
164 167
161 165
163 167
162 166
168 169
168 170
168 171
165 169
167 171
166 170
172 173
172 174
172 175
169 173
171 175
170 174
176 177
176 178
176 179
173 177
175 179
174 178
180 181
180 182
180 183
177 181
179 183
178 182
184 185
184 186
184 187
181 185
183 187
182 186
188 189
188 190
188 191
185 189
187 191
186 190
192 193
192 194
192 195
189 193
191 195
190 194
196 197
196 198
196 199
193 197
195 199
194 198
200 201
200 202
200 203
197 201
199 203
198 202
204 205
204 206
204 207
201 205
203 207
202 206
208 209
208 210
208 211
205 209
207 211
206 210
212 213
212 214
212 215
209 213
211 215
210 214
216 217
216 218
216 219
213 217
215 219
214 218
220 221
220 222
220 223
217 221
219 223
218 222
224 225
224 226
224 227
221 225
223 227
222 226
228 229
228 230
228 231
225 229
227 231
226 230
232 233
232 234
232 235
229 233
231 235
230 234
236 237
236 238
236 239
233 237
235 239
234 238
240 241
240 242
240 243
237 241
239 243
238 242
244 245
244 246
244 247
241 245
243 247
242 246
248 249
248 250
248 251
245 249
247 251
246 250
252 253
252 254
252 255
249 253
251 255
250 254
256 257
256 258
256 259
253 257
255 259
254 258
260 261
260 262
260 263
257 261
259 263
258 262
264 265
264 266
264 267
261 265
263 267
262 266
268 269
268 270
268 271
265 269
267 271
266 270
272 273
272 274
272 275
269 273
271 275
270 274
276 277
276 278
276 279
273 277
275 279
274 278
280 281
280 282
280 283
277 281
279 283
278 282
284 285
284 286
284 287
281 285
283 287
282 286
288 289
288 290
288 291
285 289
287 291
286 290
292 293
292 294
292 295
289 293
291 295
290 294
296 297
296 298
296 299
293 297
295 299
294 298
300 301
300 302
300 303
297 301
299 303
298 302
304 305
304 306
304 307
301 305
303 307
302 306
308 309
308 310
308 311
305 309
307 311
306 310
312 313
312 314
312 315
309 313
311 315
310 314
316 317
316 318
316 319
313 317
315 319
314 318
320 321
320 322
320 323
317 321
319 323
318 322
324 325
324 326
324 327
321 325
323 327
322 326
328 329
328 330
328 331
325 329
327 331
326 330
332 333
332 334
332 335
329 333
331 335
330 334
336 337
336 338
336 339
333 337
335 339
334 338
340 341
340 342
340 343
337 341
339 343
338 342
344 345
344 346
344 347
341 345
343 347
342 346
348 349
348 350
348 351
345 349
347 351
346 350
352 353
352 354
352 355
349 353
351 355
350 354
356 357
356 358
356 359
353 357
355 359
354 358
360 361
360 362
360 363
357 361
359 363
358 362
364 365
364 366
364 367
361 365
363 367
362 366
368 369
368 370
368 371
365 369
367 371
366 370
372 373
372 374
372 375
369 373
371 375
370 374
376 377
376 378
376 379
373 377
375 379
374 378
380 381
380 382
380 383
377 381
379 383
378 382
384 385
384 386
384 387
381 385
383 387
382 386
388 389
388 390
388 391
385 389
387 391
386 390
392 393
392 394
392 395
389 393
391 395
390 394
396 397
396 398
396 399
393 397
395 399
394 398
400 401
400 10
400 6
397 401
