401
0 1
1 2
1 3
3 4
1 5
2 6
3 7
5 8
1 9
9 10
0 11
0 12
0 13
11 14
9 15
2 16
2 17
1 18
5 19
11 20
13 21
20 22
20 23
0 24
16 25
18 26
5 27
20 28
5 29
13 30
12 31
13 32
11 33
14 34
24 35
0 36
17 37
6 38
38 39
5 40
13 41
3 42
6 43
34 44
14 45
0 46
18 47
16 48
20 49
2 50
6 51
38 52
13 53
13 54
45 55
36 56
46 57
51 58
34 59
6 60
20 61
9 62
5 63
13 64
17 65
36 66
16 67
45 68
16 69
36 70
5 71
14 72
36 73
20 74
39 75
59 76
3 77
39 78
43 79
52 80
12 81
36 82
9 83
14 84
20 85
17 86
14 87
18 88
39 89
46 90
78 91
44 92
59 93
6 94
92 95
17 96
6 97
14 98
98 99
12 100
2 101
5 102
2 103
92 104
34 105
103 106
98 107
11 108
72 109
103 110
46 111
104 112
98 113
50 114
105 115
60 116
46 117
97 118
78 119
11 120
75 121
14 122
87 123
46 124
6 125
43 126
18 127
52 128
92 129
6 130
60 131
130 132
125 133
75 134
39 135
103 136
11 137
44 138
5 139
95 140
43 141
129 142
134 143
138 144
130 145
122 146
130 147
39 148
38 149
18 150
6 151
9 152
52 153
149 154
18 155
3 156
140 157
43 158
129 159
11 160
5 161
122 162
120 163
108 164
13 165
13 166
50 167
17 168
34 169
13 170
60 171
135 172
125 173
105 174
135 175
157 176
134 177
137 178
45 179
6 180
11 181
134 182
72 183
5 184
98 185
14 186
43 187
84 188
9 189
108 190
2 191
45 192
46 193
45 194
20 195
16 196
45 197
134 198
11 199
87 200
103 201
59 202
13 203
2 204
134 205
3 206
5 207
39 208
122 209
2 210
95 211
78 212
59 213
199 214
33 215
105 216
1 217
36 218
181 219
1 220
103 221
0 222
92 223
199 224
122 225
13 226
222 227
151 228
125 229
108 230
1 231
92 232
181 233
9 234
103 235
12 236
208 237
45 238
199 239
180 240
211 241
103 242
87 243
39 244
223 245
134 246
45 247
33 248
140 249
51 250
105 251
6 252
134 253
50 254
222 255
157 256
6 257
208 258
72 259
191 260
220 261
17 262
5 263
2 264
36 265
125 266
24 267
98 268
101 269
257 270
222 271
232 272
101 273
148 274
34 275
137 276
130 277
43 278
151 279
11 280
13 281
17 282
244 283
191 284
84 285
104 286
36 287
130 288
104 289
252 290
20 291
148 292
210 293
120 294
92 295
140 296
204 297
43 298
134 299
169 300
256 301
186 302
211 303
14 304
151 305
280 306
186 307
223 308
256 309
103 310
220 311
148 312
138 313
295 314
43 315
24 316
101 317
75 318
43 319
121 320
16 321
223 322
38 323
17 324
6 325
12 326
137 327
208 328
20 329
304 330
46 331
134 332
78 333
180 334
134 335
36 336
223 337
108 338
17 339
325 340
18 341
46 342
6 343
34 344
39 345
5 346
52 347
137 348
0 349
104 350
38 351
5 352
157 353
148 354
169 355
232 356
169 357
345 358
138 359
252 360
160 361
176 362
222 363
280 364
211 365
44 366
18 367
44 368
264 369
45 370
101 371
217 372
89 373
135 374
75 375
264 376
46 377
180 378
280 379
52 380
304 381
125 382
217 383
208 384
345 385
6 386
368 387
129 388
180 389
39 390
353 391
92 392
130 393
11 394
349 395
135 396
9 397
18 398
2 399
89 400
