10001
0 1
1 2
2 3
3 4
0 5
4 6
5 7
1 8
3 9
1 10
4 11
7 12
11 13
12 14
6 15
9 16
3 17
1 18
4 19
1 20
15 21
5 22
6 23
0 24
19 25
17 26
4 27
27 28
5 29
20 30
18 31
7 32
23 33
19 34
8 35
24 36
27 37
0 38
2 39
10 40
17 41
0 42
24 43
0 44
39 45
12 46
6 47
23 48
14 49
24 50
11 51
3 52
2 53
11 54
8 55
2 56
32 57
6 58
15 59
22 60
11 61
23 62
19 63
23 64
12 65
0 66
24 67
42 68
39 69
46 70
23 71
15 72
23 73
23 74
10 75
14 76
15 77
58 78
3 79
27 80
17 81
20 82
27 83
27 84
8 85
8 86
11 87
58 88
6 89
24 90
47 91
65 92
17 93
76 94
12 95
12 96
12 97
24 98
19 99
42 100
39 101
14 102
23 103
46 104
95 105
15 106
38 107
18 108
27 109
21 110
110 111
24 112
6 113
18 114
15 115
115 116
20 117
22 118
8 119
19 120
96 121
77 122
106 123
15 124
42 125
53 126
59 127
5 128
102 129
8 130
128 131
23 132
15 133
95 134
2 135
59 136
77 137
66 138
5 139
135 140
5 141
23 142
17 143
38 144
110 145
72 146
72 147
102 148
106 149
18 150
97 151
15 152
96 153
89 154
79 155
52 156
46 157
76 158
124 159
95 160
9 161
4 162
24 163
27 164
111 165
23 166
8 167
10 168
32 169
115 170
39 171
141 172
76 173
15 174
115 175
89 176
38 177
29 178
124 179
139 180
95 181
38 182
6 183
174 184
183 185
49 186
6 187
96 188
7 189
17 190
27 191
2 192
187 193
19 194
14 195
195 196
145 197
65 198
3 199
39 200
39 201
115 202
3 203
65 204
102 205
89 206
192 207
97 208
14 209
199 210
139 211
111 212
195 213
23 214
128 215
3 216
15 217
4 218
46 219
212 220
47 221
56 222
44 223
7 224
14 225
72 226
124 227
3 228
79 229
11 230
23 231
218 232
102 233
6 234
225 235
203 236
189 237
95 238
141 239
32 240
47 241
38 242
216 243
52 244
115 245
216 246
186 247
49 248
224 249
225 250
11 251
52 252
0 253
189 254
39 255
10 256
53 257
183 258
162 259
76 260
95 261
225 262
234 263
216 264
27 265
192 266
38 267
133 268
139 269
165 270
20 271
59 272
12 273
174 274
110 275
183 276
95 277
46 278
77 279
3 280
110 281
192 282
19 283
124 284
228 285
44 286
218 287
189 288
270 289
253 290
270 291
7 292
56 293
199 294
97 295
14 296
6 297
292 298
141 299
4 300
192 301
102 302
59 303
135 304
228 305
39 306
3 307
195 308
17 309
5 310
59 311
216 312
49 313
165 314
253 315
65 316
20 317
139 318
46 319
110 320
203 321
24 322
296 323
289 324
128 325
174 326
46 327
174 328
186 329
234 330
4 331
224 332
216 333
102 334
152 335
133 336
280 337
102 338
273 339
96 340
187 341
228 342
224 343
291 344
47 345
27 346
59 347
192 348
128 349
248 350
59 351
42 352
102 353
273 354
95 355
300 356
53 357
17 358
174 359
4 360
314 361
141 362
2 363
0 364
42 365
6 366
162 367
141 368
212 369
273 370
124 371
133 372
247 373
18 374
79 375
363 376
66 377
17 378
128 379
53 380
225 381
275 382
102 383
291 384
65 385
234 386
53 387
331 388
102 389
110 390
162 391
314 392
52 393
141 394
366 395
373 396
324 397
53 398
59 399
5 400
390 401
0 402
39 403
20 404
329 405
234 406
76 407
218 408
396 409
10 410
47 411
174 412
113 413
128 414
270 415
11 416
390 417
253 418
289 419
273 420
331 421
97 422
0 423
189 424
189 425
52 426
228 427
18 428
32 429
56 430
49 431
52 432
363 433
203 434
209 435
79 436
145 437
53 438
22 439
2 440
79 441
390 442
79 443
273 444
291 445
409 446
3 447
192 448
14 449
44 450
47 451
79 452
331 453
440 454
2 455
363 456
47 457
9 458
3 459
209 460
128 461
273 462
192 463
49 464
44 465
291 466
53 467
59 468
79 469
1 470
217 471
145 472
59 473
446 474
0 475
364 476
135 477
199 478
366 479
42 480
7 481
203 482
217 483
183 484
409 485
449 486
14 487
27 488
152 489
24 490
423 491
199 492
296 493
373 494
253 495
52 496
234 497
32 498
373 499
360 500
189 501
192 502
49 503
234 504
423 505
296 506
113 507
11 508
300 509
9 510
110 511
503 512
360 513
47 514
97 515
6 516
449 517
19 518
296 519
307 520
474 521
97 522
464 523
1 524
29 525
32 526
79 527
366 528
47 529
18 530
27 531
474 532
487 533
42 534
203 535
216 536
307 537
58 538
27 539
183 540
289 541
291 542
23 543
19 544
203 545
364 546
97 547
475 548
77 549
14 550
313 551
44 552
17 553
102 554
481 555
135 556
218 557
22 558
124 559
65 560
464 561
27 562
27 563
102 564
21 565
499 566
247 567
329 568
567 569
320 570
459 571
12 572
19 573
21 574
102 575
225 576
218 577
141 578
5 579
17 580
18 581
532 582
247 583
329 584
72 585
89 586
431 587
313 588
11 589
567 590
313 591
310 592
32 593
189 594
455 595
234 596
24 597
44 598
474 599
307 600
12 601
521 602
18 603
423 604
14 605
291 606
567 607
49 608
102 609
296 610
446 611
499 612
409 613
464 614
373 615
0 616
4 617
574 618
162 619
475 620
8 621
499 622
440 623
611 624
400 625
72 626
44 627
474 628
218 629
76 630
270 631
38 632
47 633
579 634
608 635
76 636
275 637
511 638
396 639
572 640
248 641
66 642
532 643
329 644
10 645
3 646
631 647
431 648
310 649
409 650
541 651
423 652
0 653
52 654
646 655
617 656
314 657
14 658
102 659
234 660
567 661
650 662
29 663
521 664
320 665
5 666
397 667
14 668
275 669
366 670
423 671
360 672
396 673
446 674
475 675
228 676
499 677
97 678
124 679
224 680
270 681
5 682
189 683
459 684
203 685
218 686
102 687
10 688
521 689
423 690
415 691
431 692
499 693
616 694
89 695
363 696
296 697
89 698
397 699
487 700
572 701
58 702
186 703
183 704
65 705
3 706
532 707
524 708
141 709
415 710
397 711
364 712
280 713
53 714
601 715
373 716
475 717
106 718
706 719
363 720
29 721
329 722
565 723
3 724
212 725
583 726
165 727
487 728
17 729
97 730
464 731
727 732
139 733
46 734
601 735
53 736
459 737
664 738
247 739
209 740
631 741
499 742
668 743
615 744
668 745
396 746
76 747
617 748
615 749
703 750
494 751
532 752
152 753
511 754
20 755
183 756
95 757
183 758
6 759
310 760
253 761
668 762
1 763
152 764
5 765
95 766
42 767
409 768
1 769
225 770
8 771
145 772
615 773
574 774
128 775
17 776
499 777
281 778
727 779
111 780
639 781
139 782
22 783
187 784
183 785
310 786
3 787
128 788
364 789
291 790
320 791
475 792
76 793
763 794
39 795
320 796
6 797
15 798
42 799
38 800
739 801
485 802
289 803
474 804
162 805
487 806
18 807
804 808
12 809
113 810
765 811
165 812
199 813
65 814
113 815
152 816
162 817
20 818
706 819
769 820
77 821
572 822
8 823
716 824
77 825
9 826
76 827
481 828
270 829
225 830
829 831
759 832
23 833
56 834
187 835
320 836
0 837
79 838
487 839
608 840
52 841
218 842
613 843
4 844
475 845
195 846
474 847
711 848
111 849
313 850
331 851
503 852
329 853
681 854
39 855
666 856
19 857
711 858
415 859
449 860
524 861
667 862
15 863
11 864
21 865
307 866
703 867
97 868
862 869
46 870
47 871
15 872
320 873
300 874
703 875
39 876
455 877
402 878
6 879
390 880
253 881
195 882
769 883
18 884
613 885
79 886
681 887
567 888
248 889
225 890
423 891
674 892
141 893
139 894
189 895
7 896
511 897
532 898
699 899
0 900
111 901
42 902
449 903
390 904
203 905
253 906
402 907
583 908
77 909
9 910
804 911
797 912
189 913
0 914
217 915
23 916
289 917
111 918
65 919
768 920
900 921
674 922
7 923
812 924
844 925
464 926
487 927
291 928
390 929
29 930
145 931
19 932
273 933
863 934
847 935
572 936
879 937
15 938
455 939
605 940
102 941
847 942
281 943
446 944
565 945
601 946
668 947
431 948
787 949
52 950
2 951
474 952
613 953
574 954
481 955
809 956
373 957
296 958
72 959
901 960
872 961
938 962
550 963
653 964
390 965
397 966
616 967
812 968
135 969
446 970
400 971
106 972
141 973
952 974
863 975
667 976
102 977
639 978
59 979
364 980
7 981
15 982
313 983
524 984
165 985
673 986
481 987
253 988
52 989
95 990
499 991
837 992
297 993
281 994
844 995
79 996
532 997
224 998
574 999
216 1000
409 1001
58 1002
280 1003
706 1004
152 1005
541 1006
879 1007
599 1008
212 1009
804 1010
951 1011
102 1012
681 1013
447 1014
896 1015
699 1016
14 1017
110 1018
248 1019
966 1020
780 1021
49 1022
275 1023
65 1024
711 1025
951 1026
97 1027
664 1028
459 1029
20 1030
14 1031
72 1032
616 1033
273 1034
440 1035
2 1036
565 1037
289 1038
572 1039
324 1040
152 1041
780 1042
76 1043
769 1044
275 1045
89 1046
617 1047
716 1048
918 1049
464 1050
59 1051
653 1052
9 1053
402 1054
653 1055
446 1056
11 1057
273 1058
780 1059
20 1060
646 1061
499 1062
440 1063
914 1064
72 1065
455 1066
396 1067
42 1068
23 1069
613 1070
46 1071
804 1072
297 1073
152 1074
280 1075
397 1076
1 1077
952 1078
8 1079
746 1080
360 1081
248 1082
145 1083
77 1084
803 1085
11 1086
415 1087
363 1088
21 1089
59 1090
981 1091
39 1092
195 1093
174 1094
5 1095
409 1096
706 1097
77 1098
20 1099
768 1100
682 1101
583 1102
608 1103
565 1104
29 1105
59 1106
475 1107
550 1108
487 1109
716 1110
485 1111
516 1112
550 1113
499 1114
186 1115
22 1116
658 1117
724 1118
234 1119
938 1120
918 1121
617 1122
248 1123
446 1124
4 1125
1018 1126
780 1127
24 1128
1096 1129
139 1130
982 1131
550 1132
187 1133
639 1134
653 1135
106 1136
579 1137
682 1138
703 1139
459 1140
1125 1141
879 1142
224 1143
449 1144
19 1145
516 1146
324 1147
503 1148
128 1149
798 1150
917 1151
6 1152
363 1153
189 1154
11 1155
682 1156
966 1157
746 1158
27 1159
896 1160
1067 1161
900 1162
24 1163
1076 1164
485 1165
183 1166
615 1167
615 1168
459 1169
759 1170
1031 1171
628 1172
152 1173
397 1174
300 1175
608 1176
6 1177
650 1178
24 1179
952 1180
1036 1181
970 1182
44 1183
310 1184
300 1185
485 1186
174 1187
300 1188
1077 1189
901 1190
982 1191
605 1192
1040 1193
165 1194
139 1195
29 1196
849 1197
516 1198
650 1199
9 1200
8 1201
918 1202
409 1203
837 1204
900 1205
189 1206
613 1207
951 1208
96 1209
187 1210
658 1211
115 1212
608 1213
650 1214
829 1215
300 1216
141 1217
572 1218
862 1219
1017 1220
440 1221
102 1222
217 1223
3 1224
1040 1225
128 1226
113 1227
189 1228
216 1229
20 1230
938 1231
192 1232
699 1233
39 1234
47 1235
524 1236
516 1237
474 1238
847 1239
1124 1240
599 1241
139 1242
682 1243
27 1244
583 1245
397 1246
409 1247
32 1248
296 1249
639 1250
666 1251
415 1252
52 1253
24 1254
76 1255
727 1256
89 1257
296 1258
574 1259
611 1260
409 1261
615 1262
516 1263
797 1264
481 1265
42 1266
7 1267
746 1268
809 1269
583 1270
162 1271
24 1272
653 1273
324 1274
863 1275
787 1276
0 1277
218 1278
739 1279
313 1280
364 1281
47 1282
666 1283
419 1284
270 1285
291 1286
611 1287
985 1288
918 1289
613 1290
765 1291
22 1292
682 1293
77 1294
203 1295
27 1296
689 1297
124 1298
981 1299
291 1300
139 1301
494 1302
203 1303
139 1304
113 1305
769 1306
289 1307
95 1308
320 1309
706 1310
1056 1311
837 1312
89 1313
673 1314
152 1315
1147 1316
1285 1317
674 1318
19 1319
601 1320
228 1321
639 1322
431 1323
699 1324
59 1325
22 1326
423 1327
615 1328
3 1329
682 1330
872 1331
415 1332
402 1333
331 1334
1125 1335
464 1336
203 1337
664 1338
162 1339
217 1340
938 1341
768 1342
12 1343
1274 1344
307 1345
765 1346
115 1347
532 1348
579 1349
829 1350
53 1351
364 1352
711 1353
9 1354
212 1355
228 1356
52 1357
724 1358
19 1359
985 1360
102 1361
787 1362
970 1363
324 1364
499 1365
44 1366
574 1367
574 1368
329 1369
1152 1370
503 1371
192 1372
329 1373
1203 1374
739 1375
474 1376
1224 1377
66 1378
628 1379
863 1380
1022 1381
106 1382
985 1383
602 1384
617 1385
224 1386
674 1387
653 1388
511 1389
66 1390
17 1391
727 1392
541 1393
487 1394
15 1395
396 1396
0 1397
470 1398
0 1399
1077 1400
1067 1401
667 1402
289 1403
248 1404
1115 1405
896 1406
798 1407
917 1408
390 1409
415 1410
673 1411
617 1412
133 1413
199 1414
270 1415
1018 1416
446 1417
616 1418
106 1419
650 1420
234 1421
804 1422
849 1423
152 1424
804 1425
14 1426
487 1427
6 1428
11 1429
270 1430
96 1431
224 1432
135 1433
446 1434
1376 1435
865 1436
58 1437
711 1438
957 1439
419 1440
1307 1441
1274 1442
847 1443
152 1444
65 1445
38 1446
567 1447
1417 1448
605 1449
666 1450
162 1451
966 1452
313 1453
203 1454
550 1455
314 1456
475 1457
14 1458
313 1459
96 1460
139 1461
863 1462
15 1463
113 1464
97 1465
666 1466
15 1467
863 1468
803 1469
706 1470
804 1471
79 1472
1124 1473
89 1474
1247 1475
49 1476
165 1477
985 1478
128 1479
703 1480
124 1481
639 1482
1095 1483
209 1484
976 1485
53 1486
52 1487
106 1488
1089 1489
716 1490
1152 1491
186 1492
724 1493
455 1494
1261 1495
224 1496
440 1497
24 1498
1417 1499
574 1500
658 1501
65 1502
189 1503
273 1504
39 1505
5 1506
199 1507
1434 1508
1417 1509
1203 1510
1430 1511
1329 1512
1022 1513
724 1514
106 1515
1077 1516
616 1517
1194 1518
952 1519
1477 1520
917 1521
1492 1522
324 1523
739 1524
1152 1525
1077 1526
798 1527
847 1528
674 1529
1124 1530
218 1531
189 1532
487 1533
768 1534
1174 1535
66 1536
189 1537
674 1538
628 1539
1523 1540
216 1541
1384 1542
1001 1543
787 1544
1174 1545
331 1546
829 1547
914 1548
44 1549
682 1550
419 1551
8 1552
447 1553
1329 1554
1238 1555
617 1556
844 1557
115 1558
976 1559
203 1560
5 1561
314 1562
128 1563
366 1564
567 1565
1067 1566
567 1567
313 1568
1376 1569
141 1570
938 1571
186 1572
313 1573
174 1574
58 1575
366 1576
65 1577
1152 1578
300 1579
706 1580
605 1581
1285 1582
1177 1583
253 1584
373 1585
667 1586
803 1587
1376 1588
485 1589
297 1590
711 1591
716 1592
1224 1593
281 1594
145 1595
1 1596
666 1597
14 1598
550 1599
617 1600
900 1601
763 1602
76 1603
4 1604
203 1605
431 1606
270 1607
674 1608
970 1609
1376 1610
601 1611
579 1612
209 1613
397 1614
872 1615
400 1616
106 1617
97 1618
32 1619
923 1620
985 1621
97 1622
95 1623
1607 1624
650 1625
455 1626
397 1627
289 1628
1261 1629
628 1630
228 1631
1194 1632
1384 1633
1261 1634
599 1635
1040 1636
113 1637
739 1638
402 1639
273 1640
1542 1641
1586 1642
292 1643
787 1644
363 1645
253 1646
724 1647
409 1648
6 1649
165 1650
1038 1651
1247 1652
682 1653
521 1654
1040 1655
1203 1656
567 1657
52 1658
1477 1659
706 1660
1458 1661
449 1662
1649 1663
863 1664
203 1665
320 1666
331 1667
970 1668
605 1669
1285 1670
759 1671
847 1672
1247 1673
1434 1674
423 1675
297 1676
865 1677
763 1678
681 1679
72 1680
47 1681
503 1682
1095 1683
837 1684
212 1685
291 1686
608 1687
615 1688
653 1689
449 1690
918 1691
1329 1692
812 1693
579 1694
133 1695
447 1696
49 1697
124 1698
565 1699
397 1700
397 1701
1267 1702
97 1703
11 1704
1125 1705
145 1706
419 1707
957 1708
970 1709
216 1710
1364 1711
1542 1712
668 1713
1056 1714
1402 1715
72 1716
209 1717
72 1718
1701 1719
1697 1720
952 1721
1397 1722
666 1723
804 1724
320 1725
944 1726
1403 1727
900 1728
699 1729
1430 1730
516 1731
464 1732
162 1733
769 1734
1428 1735
56 1736
951 1737
1395 1738
572 1739
541 1740
982 1741
1 1742
1274 1743
1523 1744
583 1745
516 1746
809 1747
829 1748
474 1749
1040 1750
1040 1751
3 1752
1277 1753
253 1754
1586 1755
957 1756
212 1757
1598 1758
844 1759
1267 1760
803 1761
981 1762
1561 1763
1458 1764
320 1765
53 1766
152 1767
77 1768
89 1769
58 1770
938 1771
183 1772
666 1773
699 1774
449 1775
203 1776
115 1777
812 1778
769 1779
1285 1780
1561 1781
716 1782
402 1783
768 1784
1040 1785
1364 1786
440 1787
1203 1788
1596 1789
639 1790
1523 1791
1633 1792
415 1793
1384 1794
396 1795
1261 1796
605 1797
541 1798
1477 1799
12 1800
1434 1801
1277 1802
1648 1803
1428 1804
186 1805
95 1806
20 1807
475 1808
24 1809
499 1810
21 1811
1077 1812
296 1813
203 1814
199 1815
1038 1816
628 1817
228 1818
565 1819
1415 1820
56 1821
759 1822
1219 1823
400 1824
812 1825
1434 1826
951 1827
1795 1828
765 1829
541 1830
27 1831
550 1832
1650 1833
415 1834
174 1835
541 1836
1384 1837
918 1838
1022 1839
521 1840
1650 1841
746 1842
47 1843
10 1844
1152 1845
5 1846
957 1847
664 1848
248 1849
431 1850
1224 1851
803 1852
681 1853
329 1854
360 1855
711 1856
247 1857
8 1858
320 1859
1795 1860
879 1861
1641 1862
951 1863
1076 1864
38 1865
1523 1866
329 1867
668 1868
400 1869
42 1870
320 1871
499 1872
360 1873
455 1874
1152 1875
674 1876
470 1877
1700 1878
809 1879
124 1880
218 1881
79 1882
503 1883
174 1884
768 1885
572 1886
366 1887
18 1888
666 1889
494 1890
1628 1891
1246 1892
400 1893
1650 1894
1700 1895
76 1896
1633 1897
27 1898
1492 1899
1203 1900
896 1901
914 1902
96 1903
364 1904
95 1905
812 1906
1712 1907
1067 1908
1417 1909
1586 1910
1152 1911
485 1912
863 1913
1067 1914
72 1915
1607 1916
1274 1917
402 1918
1001 1919
253 1920
1018 1921
957 1922
363 1923
1794 1924
402 1925
1261 1926
470 1927
837 1928
1700 1929
844 1930
32 1931
234 1932
402 1933
1152 1934
682 1935
1089 1936
812 1937
72 1938
1467 1939
423 1940
780 1941
1376 1942
79 1943
296 1944
862 1945
29 1946
923 1947
727 1948
1115 1949
1846 1950
1067 1951
1572 1952
431 1953
541 1954
689 1955
602 1956
780 1957
970 1958
550 1959
415 1960
373 1961
291 1962
711 1963
133 1964
89 1965
1477 1966
400 1967
658 1968
275 1969
1247 1970
14 1971
17 1972
409 1973
1247 1974
914 1975
1076 1976
1700 1977
224 1978
1415 1979
616 1980
865 1981
423 1982
682 1983
281 1984
1805 1985
270 1986
1598 1987
966 1988
804 1989
1267 1990
1395 1991
162 1992
5 1993
20 1994
431 1995
602 1996
1152 1997
1857 1998
1506 1999
639 2000
1837 2001
1399 2002
532 2003
797 2004
24 2005
423 2006
324 2007
320 2008
1376 2009
511 2010
307 2011
837 2012
765 2013
727 2014
829 2015
212 2016
673 2017
187 2018
1585 2019
1238 2020
248 2021
139 2022
1247 2023
110 2024
1089 2025
1031 2026
297 2027
485 2028
183 2029
1403 2030
616 2031
599 2032
862 2033
646 2034
12 2035
579 2036
1152 2037
124 2038
951 2039
253 2040
124 2041
59 2042
32 2043
1018 2044
216 2045
24 2046
1125 2047
1267 2048
1399 2049
503 2050
667 2051
1648 2052
145 2053
863 2054
145 2055
550 2056
14 2057
849 2058
111 2059
1712 2060
2033 2061
1697 2062
18 2063
601 2064
12 2065
314 2066
320 2067
373 2068
1846 2069
896 2070
253 2071
189 2072
203 2073
703 2074
270 2075
24 2076
957 2077
423 2078
666 2079
1805 2080
8 2081
3 2082
187 2083
703 2084
72 2085
470 2086
682 2087
615 2088
601 2089
1986 2090
1022 2091
47 2092
174 2093
668 2094
1261 2095
1648 2096
2075 2097
275 2098
1267 2099
1076 2100
487 2101
447 2102
1426 2103
682 2104
1585 2105
503 2106
1343 2107
602 2108
938 2109
1040 2110
1805 2111
1125 2112
567 2113
829 2114
27 2115
605 2116
1415 2117
289 2118
141 2119
1596 2120
415 2121
1261 2122
673 2123
615 2124
96 2125
2051 2126
574 2127
1238 2128
409 2129
1956 2130
628 2131
360 2132
689 2133
66 2134
768 2135
3 2136
658 2137
1124 2138
97 2139
617 2140
1428 2141
650 2142
1125 2143
865 2144
366 2145
572 2146
135 2147
658 2148
803 2149
199 2150
38 2151
1700 2152
1585 2153
8 2154
446 2155
1742 2156
96 2157
331 2158
616 2159
2024 2160
1993 2161
574 2162
1596 2163
1089 2164
106 2165
1794 2166
1402 2167
228 2168
565 2169
673 2170
481 2171
1246 2172
901 2173
115 2174
203 2175
1396 2176
7 2177
2024 2178
174 2179
15 2180
1329 2181
247 2182
1742 2183
1795 2184
2 2185
296 2186
1247 2187
865 2188
360 2189
617 2190
668 2191
579 2192
976 2193
1857 2194
135 2195
2 2196
1417 2197
2065 2198
966 2199
8 2200
52 2201
611 2202
2051 2203
516 2204
152 2205
863 2206
373 2207
1742 2208
616 2209
639 2210
475 2211
217 2212
711 2213
900 2214
1177 2215
503 2216
310 2217
42 2218
329 2219
281 2220
1224 2221
1415 2222
18 2223
79 2224
307 2225
38 2226
6 2227
1147 2228
2082 2229
485 2230
1585 2231
310 2232
1628 2233
1996 2234
95 2235
59 2236
985 2237
1089 2238
102 2239
8 2240
1945 2241
879 2242
360 2243
901 2244
550 2245
565 2246
938 2247
1417 2248
2024 2249
1752 2250
281 2251
47 2252
280 2253
145 2254
804 2255
1749 2256
487 2257
110 2258
668 2259
583 2260
27 2261
1712 2262
281 2263
2136 2264
1614 2265
896 2266
981 2267
128 2268
2059 2269
52 2270
804 2271
602 2272
8 2273
2059 2274
1837 2275
664 2276
1986 2277
1467 2278
1846 2279
1614 2280
1147 2281
199 2282
1219 2283
14 2284
139 2285
1038 2286
1633 2287
521 2288
703 2289
1238 2290
47 2291
765 2292
1056 2293
1396 2294
896 2295
1945 2296
135 2297
1654 2298
52 2299
1194 2300
608 2301
162 2302
628 2303
982 2304
487 2305
521 2306
541 2307
106 2308
1628 2309
944 2310
666 2311
1246 2312
1246 2313
77 2314
446 2315
364 2316
829 2317
2057 2318
1596 2319
2051 2320
95 2321
165 2322
189 2323
329 2324
724 2325
17 2326
1627 2327
464 2328
985 2329
3 2330
1115 2331
862 2332
329 2333
47 2334
10 2335
1397 2336
668 2337
1056 2338
1586 2339
2207 2340
15 2341
616 2342
23 2343
524 2344
869 2345
918 2346
9 2347
331 2348
209 2349
2024 2350
1001 2351
1095 2352
2180 2353
1701 2354
423 2355
583 2356
615 2357
324 2358
803 2359
1403 2360
2315 2361
1492 2362
653 2363
1506 2364
1428 2365
217 2366
7 2367
1800 2368
1749 2369
1277 2370
1285 2371
440 2372
17 2373
1152 2374
2358 2375
1246 2376
1152 2377
499 2378
1397 2379
1596 2380
217 2381
1586 2382
1458 2383
1846 2384
291 2385
1752 2386
152 2387
133 2388
44 2389
6 2390
2075 2391
224 2392
1614 2393
455 2394
464 2395
1971 2396
2258 2397
1697 2398
1800 2399
1598 2400
550 2401
2059 2402
224 2403
248 2404
1376 2405
1476 2406
53 2407
1017 2408
2035 2409
1329 2410
14 2411
837 2412
409 2413
20 2414
320 2415
1654 2416
1857 2417
135 2418
699 2419
402 2420
23 2421
1857 2422
1794 2423
499 2424
985 2425
1364 2426
273 2427
390 2428
66 2429
415 2430
1586 2431
1038 2432
1403 2433
2341 2434
97 2435
650 2436
681 2437
53 2438
449 2439
270 2440
174 2441
217 2442
487 2443
1627 2444
1246 2445
281 2446
113 2447
976 2448
400 2449
746 2450
96 2451
1467 2452
29 2453
2322 2454
2272 2455
402 2456
2227 2457
689 2458
135 2459
485 2460
1648 2461
313 2462
2075 2463
455 2464
938 2465
9 2466
982 2467
135 2468
113 2469
15 2470
1701 2471
2118 2472
44 2473
373 2474
209 2475
2196 2476
10 2477
1089 2478
541 2479
1945 2480
900 2481
195 2482
360 2483
1124 2484
1506 2485
1614 2486
1742 2487
110 2488
363 2489
113 2490
1956 2491
608 2492
1174 2493
1096 2494
135 2495
1701 2496
703 2497
787 2498
765 2499
2474 2500
152 2501
296 2502
27 2503
1428 2504
1654 2505
521 2506
77 2507
1096 2508
572 2509
1399 2510
1017 2511
203 2512
1238 2513
95 2514
307 2515
981 2516
95 2517
23 2518
96 2519
579 2520
944 2521
331 2522
611 2523
253 2524
192 2525
49 2526
6 2527
1961 2528
217 2529
1174 2530
1224 2531
1426 2532
187 2533
1434 2534
314 2535
837 2536
331 2537
1329 2538
165 2539
12 2540
769 2541
2082 2542
329 2543
602 2544
1238 2545
474 2546
699 2547
331 2548
1961 2549
847 2550
1945 2551
423 2552
1115 2553
111 2554
65 2555
2539 2556
2059 2557
2 2558
1077 2559
313 2560
1428 2561
475 2562
2488 2563
2546 2564
53 2565
1329 2566
574 2567
1124 2568
1329 2569
611 2570
2 2571
23 2572
19 2573
1115 2574
970 2575
1 2576
174 2577
47 2578
601 2579
572 2580
918 2581
152 2582
203 2583
42 2584
1476 2585
17 2586
366 2587
2345 2588
2007 2589
47 2590
1434 2591
1800 2592
217 2593
844 2594
203 2595
1285 2596
1697 2597
759 2598
970 2599
917 2600
152 2601
2506 2602
1267 2603
459 2604
162 2605
38 2606
2588 2607
102 2608
1794 2609
914 2610
2322 2611
2180 2612
2332 2613
541 2614
19 2615
3 2616
110 2617
2341 2618
23 2619
862 2620
1650 2621
650 2622
216 2623
192 2624
270 2625
2007 2626
2558 2627
2024 2628
565 2629
879 2630
32 2631
110 2632
1022 2633
0 2634
608 2635
711 2636
2288 2637
2227 2638
449 2639
681 2640
872 2641
397 2642
1604 2643
273 2644
966 2645
787 2646
615 2647
1586 2648
2576 2649
1794 2650
639 2651
216 2652
1641 2653
1561 2654
985 2655
2632 2656
565 2657
6 2658
1397 2659
2059 2660
829 2661
128 2662
459 2663
192 2664
499 2665
14 2666
174 2667
2653 2668
2024 2669
2544 2670
2576 2671
2057 2672
901 2673
228 2674
1125 2675
716 2676
2284 2677
1246 2678
2666 2679
115 2680
2284 2681
574 2682
1219 2683
1467 2684
224 2685
228 2686
2024 2687
611 2688
253 2689
366 2690
689 2691
2625 2692
1067 2693
32 2694
52 2695
2315 2696
1956 2697
192 2698
1396 2699
192 2700
297 2701
228 2702
139 2703
1458 2704
863 2705
699 2706
2207 2707
541 2708
837 2709
96 2710
2136 2711
2118 2712
1598 2713
363 2714
19 2715
162 2716
296 2717
1628 2718
966 2719
2129 2720
1857 2721
666 2722
2607 2723
2617 2724
1476 2725
499 2726
1961 2727
72 2728
1040 2729
95 2730
139 2731
402 2732
616 2733
1096 2734
521 2735
174 2736
2358 2737
228 2738
1463 2739
102 2740
2390 2741
499 2742
1956 2743
77 2744
415 2745
862 2746
89 2747
128 2748
24 2749
1022 2750
1124 2751
601 2752
602 2753
1177 2754
829 2755
228 2756
212 2757
2506 2758
613 2759
769 2760
1794 2761
455 2762
2341 2763
516 2764
746 2765
653 2766
1124 2767
487 2768
1749 2769
572 2770
1712 2771
2315 2772
957 2773
896 2774
218 2775
296 2776
2341 2777
1700 2778
314 2779
1742 2780
769 2781
2746 2782
29 2783
2207 2784
248 2785
9 2786
2588 2787
2330 2788
601 2789
218 2790
248 2791
310 2792
2440 2793
2315 2794
1125 2795
768 2796
470 2797
2616 2798
2413 2799
21 2800
199 2801
2753 2802
47 2803
1586 2804
780 2805
38 2806
2182 2807
2035 2808
2341 2809
2616 2810
310 2811
19 2812
313 2813
716 2814
419 2815
2666 2816
218 2817
2024 2818
1018 2819
605 2820
485 2821
366 2822
248 2823
2332 2824
2 2825
1428 2826
1598 2827
253 2828
1 2829
1364 2830
1261 2831
1641 2832
1147 2833
19 2834
966 2835
1417 2836
2332 2837
2059 2838
1089 2839
1604 2840
664 2841
195 2842
2108 2843
2540 2844
47 2845
1857 2846
711 2847
23 2848
579 2849
550 2850
364 2851
2506 2852
1700 2853
1986 2854
541 2855
951 2856
2527 2857
459 2858
1095 2859
716 2860
896 2861
1076 2862
1542 2863
1077 2864
5 2865
724 2866
1402 2867
2108 2868
862 2869
2315 2870
195 2871
2571 2872
780 2873
297 2874
0 2875
115 2876
2666 2877
1125 2878
2185 2879
1973 2880
716 2881
1125 2882
22 2883
844 2884
2358 2885
1961 2886
1572 2887
2272 2888
2527 2889
706 2890
2800 2891
1177 2892
203 2893
111 2894
1076 2895
759 2896
1641 2897
951 2898
2180 2899
2554 2900
49 2901
1399 2902
1523 2903
2607 2904
2735 2905
1654 2906
1 2907
2470 2908
699 2909
113 2910
673 2911
2177 2912
1219 2913
872 2914
1795 2915
1649 2916
447 2917
1152 2918
1701 2919
565 2920
1077 2921
1477 2922
727 2923
459 2924
113 2925
2207 2926
2588 2927
674 2928
565 2929
2829 2930
1749 2931
2007 2932
1585 2933
23 2934
2625 2935
216 2936
1701 2937
1 2938
499 2939
769 2940
363 2941
579 2942
2938 2943
2358 2944
270 2945
951 2946
1961 2947
653 2948
1604 2949
1194 2950
42 2951
431 2952
862 2953
52 2954
617 2955
296 2956
1174 2957
133 2958
976 2959
2330 2960
938 2961
364 2962
360 2963
1742 2964
21 2965
270 2966
390 2967
2617 2968
440 2969
2185 2970
96 2971
2 2972
447 2973
66 2974
844 2975
869 2976
1794 2977
1285 2978
1607 2979
1261 2980
2315 2981
541 2982
2051 2983
135 2984
499 2985
1971 2986
1267 2987
224 2988
1261 2989
763 2990
1040 2991
162 2992
605 2993
611 2994
46 2995
2832 2996
447 2997
1697 2998
29 2999
1596 3000
1285 3001
419 3002
18 3003
682 3004
1604 3005
32 3006
1700 3007
2787 3008
152 3009
4 3010
2642 3011
2332 3012
212 3013
769 3014
1022 3015
291 3016
2177 3017
1697 3018
2177 3019
2945 3020
1862 3021
2288 3022
759 3023
1700 3024
1376 3025
1224 3026
183 3027
787 3028
446 3029
653 3030
809 3031
951 3032
1115 3033
1076 3034
532 3035
431 3036
2024 3037
2938 3038
2272 3039
900 3040
174 3041
2024 3042
113 3043
2227 3044
1089 3045
976 3046
292 3047
1246 3048
1017 3049
216 3050
66 3051
872 3052
38 3053
446 3054
521 3055
1752 3056
2322 3057
32 3058
574 3059
724 3060
579 3061
1492 3062
628 3063
1285 3064
52 3065
225 3066
447 3067
162 3068
1022 3069
186 3070
798 3071
77 3072
1040 3073
1274 3074
2617 3075
976 3076
2625 3077
1177 3078
446 3079
673 3080
4 3081
970 3082
583 3083
209 3084
1329 3085
65 3086
18 3087
1277 3088
2897 3089
247 3090
650 3091
292 3092
124 3093
797 3094
2869 3095
2470 3096
2470 3097
3090 3098
608 3099
2 3100
1650 3101
402 3102
313 3103
2723 3104
2894 3105
1343 3106
601 3107
957 3108
1399 3109
862 3110
2869 3111
2332 3112
532 3113
58 3114
1417 3115
503 3116
918 3117
1506 3118
59 3119
2258 3120
1038 3121
102 3122
2965 3123
2558 3124
2634 3125
768 3126
2196 3127
499 3128
1712 3129
218 3130
111 3131
2315 3132
1124 3133
446 3134
292 3135
2753 3136
1434 3137
72 3138
653 3139
248 3140
494 3141
2306 3142
763 3143
3134 3144
2315 3145
918 3146
653 3147
1203 3148
1628 3149
499 3150
1650 3151
2288 3152
1076 3153
658 3154
1458 3155
307 3156
2863 3157
297 3158
2625 3159
1001 3160
2558 3161
1596 3162
1986 3163
470 3164
653 3165
1956 3166
689 3167
1115 3168
1174 3169
681 3170
966 3171
2051 3172
1095 3173
139 3174
769 3175
487 3176
1089 3177
1018 3178
759 3179
2527 3180
524 3181
2526 3182
0 3183
865 3184
1247 3185
2068 3186
23 3187
1277 3188
440 3189
862 3190
583 3191
583 3192
1343 3193
1862 3194
42 3195
2723 3196
2526 3197
1095 3198
2607 3199
1971 3200
1038 3201
3196 3202
2875 3203
431 3204
541 3205
2180 3206
524 3207
862 3208
300 3209
809 3210
141 3211
541 3212
565 3213
2723 3214
865 3215
3081 3216
863 3217
113 3218
1396 3219
1956 3220
1561 3221
1805 3222
2653 3223
2129 3224
1837 3225
3110 3226
2863 3227
52 3228
72 3229
938 3230
3131 3231
364 3232
289 3233
2057 3234
1648 3235
574 3236
10 3237
364 3238
402 3239
2322 3240
1837 3241
746 3242
3131 3243
22 3244
1224 3245
7 3246
2894 3247
681 3248
1697 3249
1795 3250
203 3251
666 3252
1018 3253
296 3254
1742 3255
1458 3256
666 3257
23 3258
2322 3259
21 3260
3110 3261
20 3262
281 3263
2330 3264
1986 3265
228 3266
2938 3267
152 3268
611 3269
2332 3270
217 3271
2185 3272
3070 3273
3199 3274
5 3275
464 3276
2177 3277
2315 3278
616 3279
2832 3280
689 3281
152 3282
487 3283
21 3284
2315 3285
46 3286
914 3287
1476 3288
209 3289
1654 3290
579 3291
3110 3292
209 3293
2554 3294
2059 3295
1862 3296
18 3297
3284 3298
1697 3299
76 3300
485 3301
2358 3302
1506 3303
746 3304
363 3305
65 3306
297 3307
863 3308
1857 3309
2227 3310
324 3311
2411 3312
2082 3313
2576 3314
2746 3315
917 3316
494 3317
111 3318
106 3319
2033 3320
970 3321
1752 3322
1749 3323
39 3324
3079 3325
2972 3326
1857 3327
2527 3328
1607 3329
682 3330
1031 3331
901 3332
681 3333
646 3334
396 3335
896 3336
4 3337
58 3338
5 3339
646 3340
113 3341
2539 3342
759 3343
1572 3344
918 3345
532 3346
780 3347
673 3348
2865 3349
1598 3350
2182 3351
2272 3352
415 3353
1 3354
1585 3355
3208 3356
1971 3357
3100 3358
2118 3359
79 3360
2035 3361
2024 3362
449 3363
3275 3364
511 3365
1542 3366
14 3367
2207 3368
280 3369
106 3370
1467 3371
1430 3372
2800 3373
2620 3374
847 3375
1077 3376
2625 3377
1572 3378
15 3379
96 3380
966 3381
605 3382
2617 3383
475 3384
1403 3385
1795 3386
475 3387
19 3388
1125 3389
1 3390
324 3391
297 3392
1238 3393
1641 3394
2653 3395
985 3396
2787 3397
567 3398
3 3399
900 3400
3194 3401
2558 3402
3196 3403
212 3404
423 3405
3367 3406
1607 3407
2332 3408
281 3409
1986 3410
2832 3411
1586 3412
102 3413
440 3414
1426 3415
847 3416
39 3417
1177 3418
2642 3419
1364 3420
3337 3421
18 3422
1993 3423
1267 3424
2544 3425
1811 3426
985 3427
1961 3428
896 3429
682 3430
423 3431
128 3432
2829 3433
1022 3434
550 3435
1598 3436
27 3437
1147 3438
1364 3439
291 3440
583 3441
673 3442
739 3443
2272 3444
2571 3445
6 3446
769 3447
366 3448
1277 3449
1040 3450
780 3451
65 3452
1477 3453
273 3454
1247 3455
1986 3456
186 3457
951 3458
724 3459
2526 3460
209 3461
366 3462
1219 3463
768 3464
1627 3465
1076 3466
5 3467
3070 3468
2059 3469
849 3470
1945 3471
195 3472
1247 3473
1125 3474
1649 3475
3394 3476
3446 3477
183 3478
2800 3479
2642 3480
2617 3481
3029 3482
2358 3483
923 3484
981 3485
364 3486
611 3487
2306 3488
615 3489
2367 3490
901 3491
419 3492
689 3493
829 3494
1800 3495
1607 3496
1395 3497
3391 3498
58 3499
1 3500
423 3501
503 3502
1572 3503
72 3504
1752 3505
3134 3506
3134 3507
46 3508
2474 3509
1031 3510
1598 3511
3366 3512
9 3513
2155 3514
3196 3515
1614 3516
65 3517
639 3518
1395 3519
3391 3520
253 3521
2506 3522
1329 3523
470 3524
1627 3525
2065 3526
1056 3527
1648 3528
1115 3529
291 3530
2753 3531
572 3532
39 3533
1147 3534
2544 3535
102 3536
187 3537
524 3538
212 3539
32 3540
459 3541
938 3542
1697 3543
2938 3544
970 3545
2345 3546
567 3547
187 3548
658 3549
2863 3550
602 3551
3367 3552
798 3553
72 3554
3134 3555
1837 3556
1993 3557
3391 3558
14 3559
2632 3560
186 3561
209 3562
216 3563
1506 3564
1542 3565
133 3566
66 3567
110 3568
1056 3569
1993 3570
2825 3571
1794 3572
76 3573
3055 3574
2588 3575
2666 3576
1261 3577
844 3578
187 3579
3394 3580
1654 3581
6 3582
2634 3583
524 3584
3055 3585
3079 3586
1628 3587
228 3588
366 3589
4 3590
314 3591
53 3592
152 3593
38 3594
253 3595
2035 3596
76 3597
1399 3598
449 3599
608 3600
1329 3601
2571 3602
3337 3603
2470 3604
615 3605
2488 3606
102 3607
1417 3608
798 3609
809 3610
47 3611
1492 3612
2284 3613
524 3614
2330 3615
3183 3616
1247 3617
390 3618
409 3619
611 3620
1376 3621
616 3622
1403 3623
746 3624
481 3625
3183 3626
49 3627
1648 3628
2345 3629
944 3630
601 3631
1506 3632
3366 3633
1837 3634
798 3635
1067 3636
2315 3637
2558 3638
746 3639
829 3640
46 3641
605 3642
3559 3643
1036 3644
1846 3645
3055 3646
186 3647
2411 3648
3629 3649
1712 3650
1945 3651
3275 3652
1840 3653
699 3654
273 3655
1402 3656
879 3657
1274 3658
613 3659
455 3660
2865 3661
583 3662
10 3663
901 3664
2059 3665
1800 3666
396 3667
532 3668
1147 3669
837 3670
2632 3671
2474 3672
46 3673
739 3674
970 3675
390 3676
19 3677
746 3678
1067 3679
363 3680
3366 3681
952 3682
1986 3683
900 3684
419 3685
390 3686
3379 3687
187 3688
115 3689
567 3690
803 3691
20 3692
3194 3693
2907 3694
331 3695
521 3696
2753 3697
1492 3698
2653 3699
966 3700
583 3701
2506 3702
2546 3703
2634 3704
124 3705
2666 3706
77 3707
1627 3708
2539 3709
2322 3710
1973 3711
2825 3712
3029 3713
3446 3714
1022 3715
3260 3716
541 3717
3629 3718
113 3719
639 3720
2800 3721
2953 3722
2272 3723
39 3724
2966 3725
2065 3726
3559 3727
896 3728
314 3729
475 3730
664 3731
2322 3732
2065 3733
1712 3734
1633 3735
1426 3736
3551 3737
689 3738
1458 3739
1641 3740
3559 3741
24 3742
2625 3743
47 3744
2155 3745
1627 3746
2526 3747
664 3748
8 3749
3070 3750
2155 3751
360 3752
203 3753
400 3754
2007 3755
3337 3756
65 3757
3055 3758
402 3759
307 3760
3391 3761
2182 3762
52 3763
459 3764
1463 3765
3134 3766
674 3767
2607 3768
141 3769
982 3770
3390 3771
455 3772
1095 3773
1641 3774
2035 3775
1961 3776
2632 3777
2306 3778
58 3779
862 3780
572 3781
464 3782
2832 3783
113 3784
727 3785
97 3786
10 3787
3740 3788
3090 3789
2539 3790
863 3791
574 3792
1022 3793
727 3794
110 3795
1628 3796
49 3797
141 3798
668 3799
2284 3800
1274 3801
270 3802
475 3803
981 3804
2875 3805
494 3806
1986 3807
2057 3808
914 3809
152 3810
1986 3811
872 3812
769 3813
2035 3814
1364 3815
324 3816
373 3817
1384 3818
1523 3819
10 3820
2526 3821
3318 3822
1115 3823
1396 3824
212 3825
976 3826
809 3827
2527 3828
565 3829
605 3830
599 3831
275 3832
3260 3833
3081 3834
3667 3835
216 3836
2723 3837
1742 3838
951 3839
900 3840
1384 3841
1641 3842
1607 3843
29 3844
1040 3845
1329 3846
650 3847
2332 3848
27 3849
763 3850
1648 3851
2832 3852
3104 3853
952 3854
141 3855
970 3856
366 3857
139 3858
1428 3859
724 3860
3575 3861
957 3862
0 3863
879 3864
273 3865
2118 3866
289 3867
1247 3868
3457 3869
1971 3870
2024 3871
2588 3872
787 3873
455 3874
1986 3875
1238 3876
14 3877
20 3878
139 3879
2180 3880
46 3881
599 3882
1986 3883
2875 3884
292 3885
3467 3886
768 3887
2617 3888
1329 3889
281 3890
3275 3891
14 3892
152 3893
1956 3894
3339 3895
1434 3896
3021 3897
3797 3898
572 3899
49 3900
366 3901
1384 3902
844 3903
1430 3904
699 3905
1614 3906
440 3907
145 3908
152 3909
1973 3910
1415 3911
3379 3912
2358 3913
2875 3914
837 3915
1395 3916
2258 3917
3897 3918
565 3919
1038 3920
689 3921
3575 3922
1476 3923
2546 3924
76 3925
1343 3926
2927 3927
3696 3928
2620 3929
225 3930
110 3931
2330 3932
2832 3933
1956 3934
944 3935
681 3936
218 3937
1614 3938
102 3939
3568 3940
579 3941
2642 3942
3010 3943
1095 3944
1096 3945
419 3946
2082 3947
3379 3948
59 3949
2306 3950
2033 3951
3842 3952
1700 3953
397 3954
2506 3955
20 3956
310 3957
3627 3958
475 3959
247 3960
2182 3961
186 3962
102 3963
2642 3964
470 3965
2082 3966
1862 3967
1277 3968
1712 3969
2258 3970
599 3971
1285 3972
1376 3973
2753 3974
2033 3975
872 3976
217 3977
3399 3978
574 3979
3260 3980
1561 3981
3768 3982
6 3983
1846 3984
212 3985
3559 3986
106 3987
289 3988
2632 3989
247 3990
3647 3991
869 3992
3983 3993
837 3994
837 3995
1307 3996
128 3997
3029 3998
2051 3999
446 4000
1973 4001
1274 4002
1993 4003
228 4004
79 4005
1961 4006
1031 4007
3816 4008
1152 4009
532 4010
900 4011
3354 4012
1267 4013
1561 4014
829 4015
3199 4016
455 4017
1384 4018
2136 4019
3467 4020
1343 4021
1376 4022
2829 4023
3795 4024
1125 4025
9 4026
2658 4027
2945 4028
145 4029
2182 4030
2227 4031
3795 4032
3867 4033
2177 4034
727 4035
2527 4036
42 4037
77 4038
3774 4039
1971 4040
65 4041
212 4042
1396 4043
914 4044
3565 4045
3339 4046
1001 4047
2413 4048
1800 4049
4018 4050
5 4051
22 4052
869 4053
3837 4054
3816 4055
809 4056
2527 4057
1001 4058
3399 4059
579 4060
6 4061
2965 4062
608 4063
1089 4064
2075 4065
844 4066
0 4067
1077 4068
3817 4069
1697 4070
837 4071
1285 4072
3337 4073
1261 4074
133 4075
329 4076
2177 4077
3199 4078
2033 4079
1476 4080
373 4081
1492 4082
3565 4083
14 4084
666 4085
1277 4086
23 4087
1800 4088
216 4089
2863 4090
1417 4091
3104 4092
3590 4093
2865 4094
1246 4095
2136 4096
1633 4097
4081 4098
3394 4099
1096 4100
2634 4101
1152 4102
1805 4103
481 4104
174 4105
3366 4106
3208 4107
724 4108
174 4109
3816 4110
195 4111
1402 4112
320 4113
3817 4114
1077 4115
2800 4116
363 4117
2082 4118
2180 4119
470 4120
673 4121
3010 4122
769 4123
2787 4124
1837 4125
8 4126
1633 4127
2306 4128
7 4129
56 4130
1219 4131
1174 4132
1285 4133
2136 4134
2558 4135
759 4136
3797 4137
3339 4138
3817 4139
135 4140
95 4141
3054 4142
183 4143
2367 4144
21 4145
1627 4146
1238 4147
1463 4148
2007 4149
650 4150
1523 4151
1542 4152
763 4153
1506 4154
3902 4155
602 4156
1246 4157
431 4158
521 4159
628 4160
1641 4161
1194 4162
615 4163
2607 4164
3954 4165
1203 4166
2196 4167
699 4168
162 4169
1650 4170
631 4171
402 4172
165 4173
4152 4174
550 4175
879 4176
1800 4177
3 4178
2901 4179
111 4180
2666 4181
724 4182
1417 4183
966 4184
280 4185
2272 4186
674 4187
938 4188
106 4189
4145 4190
1076 4191
2607 4192
1862 4193
2526 4194
3990 4195
289 4196
145 4197
3797 4198
3194 4199
366 4200
583 4201
2787 4202
3629 4203
699 4204
2658 4205
3902 4206
2869 4207
1115 4208
605 4209
3446 4210
1701 4211
234 4212
2825 4213
869 4214
1956 4215
2367 4216
628 4217
1174 4218
3816 4219
2075 4220
481 4221
1274 4222
12 4223
1752 4224
2617 4225
865 4226
689 4227
1604 4228
10 4229
3559 4230
2965 4231
617 4232
521 4233
613 4234
1846 4235
324 4236
1614 4237
3816 4238
1697 4239
1076 4240
174 4241
4061 4242
3590 4243
516 4244
2185 4245
706 4246
499 4247
3104 4248
3988 4249
199 4250
216 4251
183 4252
763 4253
65 4254
3070 4255
2345 4256
89 4257
1247 4258
511 4259
3582 4260
2966 4261
3394 4262
768 4263
56 4264
923 4265
20 4266
97 4267
218 4268
682 4269
2787 4270
2330 4271
17 4272
3104 4273
1203 4274
703 4275
1067 4276
565 4277
373 4278
4 4279
1996 4280
2284 4281
1458 4282
1219 4283
2865 4284
516 4285
1329 4286
938 4287
2488 4288
1476 4289
390 4290
2571 4291
724 4292
3446 4293
1712 4294
2474 4295
3467 4296
1417 4297
145 4298
2558 4299
1794 4300
1837 4301
59 4302
4084 4303
1417 4304
3055 4305
516 4306
1246 4307
102 4308
2182 4309
2863 4310
292 4311
2571 4312
1434 4313
3841 4314
3565 4315
2315 4316
3590 4317
2315 4318
3818 4319
1752 4320
1627 4321
47 4322
2136 4323
4161 4324
3962 4325
574 4326
869 4327
1506 4328
1633 4329
3190 4330
52 4331
3931 4332
3021 4333
901 4334
66 4335
3339 4336
4278 4337
1467 4338
2894 4339
4156 4340
1285 4341
32 4342
2746 4343
76 4344
133 4345
106 4346
2972 4347
2288 4348
1476 4349
1572 4350
2367 4351
76 4352
133 4353
503 4354
3780 4355
601 4356
837 4357
970 4358
3837 4359
449 4360
3853 4361
601 4362
3104 4363
746 4364
2753 4365
3367 4366
2746 4367
42 4368
944 4369
1267 4370
2546 4371
2894 4372
2330 4373
1001 4374
1415 4375
4278 4376
2288 4377
1986 4378
152 4379
1956 4380
3311 4381
4256 4382
77 4383
280 4384
2571 4385
1277 4386
3318 4387
102 4388
1492 4389
2800 4390
27 4391
77 4392
3992 4393
2945 4394
2082 4395
3399 4396
3797 4397
2322 4398
2345 4399
3962 4400
273 4401
400 4402
2341 4403
459 4404
650 4405
1650 4406
2033 4407
3797 4408
3768 4409
3960 4410
3780 4411
1712 4412
2440 4413
1945 4414
3090 4415
682 4416
225 4417
1628 4418
966 4419
110 4420
24 4421
768 4422
3853 4423
3500 4424
896 4425
631 4426
3872 4427
1477 4428
1343 4429
4156 4430
599 4431
3816 4432
3853 4433
812 4434
3318 4435
1395 4436
4423 4437
579 4438
3467 4439
1403 4440
307 4441
2108 4442
711 4443
2068 4444
1800 4445
1397 4446
4159 4447
966 4448
4236 4449
297 4450
22 4451
3551 4452
524 4453
3647 4454
617 4455
706 4456
3841 4457
3079 4458
2413 4459
1961 4460
4092 4461
879 4462
3897 4463
1 4464
4423 4465
1261 4466
324 4467
39 4468
23 4469
3802 4470
1428 4471
2341 4472
7 4473
56 4474
1036 4475
1654 4476
4333 4477
503 4478
804 4479
703 4480
2322 4481
521 4482
3960 4483
152 4484
3134 4485
4145 4486
402 4487
1607 4488
511 4489
1628 4490
631 4491
7 4492
613 4493
1794 4494
4248 4495
611 4496
4482 4497
865 4498
2068 4499
862 4500
3021 4501
331 4502
1403 4503
2607 4504
3131 4505
666 4506
3 4507
503 4508
844 4509
2345 4510
1586 4511
4500 4512
42 4513
2035 4514
96 4515
124 4516
324 4517
4423 4518
3446 4519
2284 4520
673 4521
2068 4522
914 4523
1846 4524
1434 4525
4193 4526
1329 4527
4500 4528
703 4529
3918 4530
3260 4531
2118 4532
4178 4533
1586 4534
2869 4535
1246 4536
402 4537
2632 4538
699 4539
952 4540
2576 4541
4178 4542
24 4543
3897 4544
2059 4545
1403 4546
2082 4547
605 4548
2634 4549
673 4550
616 4551
39 4552
2332 4553
2390 4554
2966 4555
4178 4556
56 4557
844 4558
3134 4559
1147 4560
1194 4561
1993 4562
3575 4563
1996 4564
3208 4565
1022 4566
901 4567
2616 4568
292 4569
4467 4570
3311 4571
3394 4572
1598 4573
2411 4574
4084 4575
4327 4576
2068 4577
4173 4578
2177 4579
113 4580
3565 4581
39 4582
29 4583
1840 4584
1089 4585
24 4586
1641 4587
2440 4588
4152 4589
768 4590
186 4591
3568 4592
2617 4593
3988 4594
809 4595
217 4596
396 4597
1862 4598
59 4599
4587 4600
4504 4601
2177 4602
3500 4603
1402 4604
3774 4605
128 4606
511 4607
1561 4608
3559 4609
2653 4610
329 4611
174 4612
1219 4613
3647 4614
2546 4615
3795 4616
631 4617
768 4618
699 4619
3457 4620
2653 4621
1956 4622
639 4623
849 4624
3208 4625
1654 4626
2953 4627
1641 4628
0 4629
423 4630
4051 4631
1477 4632
135 4633
1477 4634
212 4635
499 4636
1795 4637
111 4638
1458 4639
4361 4640
400 4641
3500 4642
2526 4643
165 4644
2272 4645
664 4646
4640 4647
1396 4648
446 4649
2196 4650
3629 4651
3 4652
4629 4653
511 4654
1542 4655
95 4656
1463 4657
1274 4658
59 4659
360 4660
4492 4661
611 4662
673 4663
3565 4664
9 4665
689 4666
2 4667
2227 4668
4333 4669
2526 4670
440 4671
957 4672
3568 4673
602 4674
1749 4675
4507 4676
3190 4677
1402 4678
2526 4679
2341 4680
95 4681
481 4682
1862 4683
2413 4684
192 4685
2136 4686
111 4687
944 4688
4256 4689
4236 4690
1177 4691
616 4692
291 4693
1076 4694
2315 4695
2894 4696
1384 4697
605 4698
115 4699
3619 4700
3337 4701
1417 4702
724 4703
4159 4704
7 4705
1089 4706
1434 4707
3931 4708
2607 4709
787 4710
1961 4711
1402 4712
923 4713
364 4714
2390 4715
3354 4716
3841 4717
650 4718
187 4719
2865 4720
1219 4721
0 4722
4463 4723
803 4724
1017 4725
0 4726
1627 4727
2345 4728
1203 4729
248 4730
1096 4731
218 4732
2863 4733
3190 4734
3872 4735
4236 4736
849 4737
4463 4738
3194 4739
2258 4740
2832 4741
464 4742
113 4743
4018 4744
664 4745
1417 4746
135 4747
228 4748
829 4749
8 4750
3379 4751
307 4752
474 4753
2136 4754
611 4755
2546 4756
1523 4757
2288 4758
3629 4759
3390 4760
2059 4761
689 4762
2927 4763
2358 4764
3354 4765
2953 4766
487 4767
3867 4768
746 4769
2470 4770
320 4771
4248 4772
2390 4773
3696 4774
2118 4775
628 4776
24 4777
199 4778
494 4779
1840 4780
4129 4781
4587 4782
2330 4783
300 4784
4638 4785
739 4786
3582 4787
521 4788
3551 4789
4363 4790
4649 4791
32 4792
481 4793
77 4794
829 4795
2332 4796
706 4797
1056 4798
1862 4799
1417 4800
3802 4801
3990 4802
605 4803
397 4804
474 4805
1077 4806
768 4807
1641 4808
21 4809
49 4810
521 4811
1996 4812
1077 4813
42 4814
1203 4815
3897 4816
4236 4817
1124 4818
4530 4819
511 4820
2051 4821
4164 4822
7 4823
2390 4824
4709 4825
4647 4826
4816 4827
38 4828
521 4829
3070 4830
95 4831
917 4832
3194 4833
3208 4834
419 4835
65 4836
1986 4837
716 4838
2653 4839
415 4840
3892 4841
2735 4842
3802 4843
1415 4844
145 4845
212 4846
402 4847
3551 4848
4482 4849
769 4850
1800 4851
446 4852
1 4853
4852 4854
1993 4855
4256 4856
3900 4857
5 4858
809 4859
4819 4860
419 4861
2258 4862
985 4863
4655 4864
1434 4865
1973 4866
4482 4867
1542 4868
4492 4869
189 4870
1641 4871
4196 4872
1194 4873
1542 4874
1492 4875
4709 4876
3902 4877
653 4878
3918 4879
1238 4880
4482 4881
1697 4882
724 4883
982 4884
982 4885
658 4886
617 4887
494 4888
1402 4889
2832 4890
2666 4891
4464 4892
681 4893
2440 4894
4667 4895
4501 4896
809 4897
281 4898
2136 4899
14 4900
1627 4901
3196 4902
4879 4903
1261 4904
18 4905
809 4906
3081 4907
2945 4908
1285 4909
32 4910
4628 4911
2875 4912
2753 4913
4853 4914
847 4915
3841 4916
4858 4917
1124 4918
4192 4919
797 4920
2658 4921
3029 4922
4361 4923
727 4924
2953 4925
1604 4926
628 4927
628 4928
516 4929
1633 4930
3318 4931
4061 4932
2558 4933
863 4934
2625 4935
711 4936
72 4937
1614 4938
3988 4939
2540 4940
4687 4941
797 4942
4788 4943
2341 4944
296 4945
780 4946
574 4947
3960 4948
449 4949
42 4950
615 4951
869 4952
2075 4953
2938 4954
681 4955
4473 4956
481 4957
4722 4958
209 4959
280 4960
3100 4961
4655 4962
3647 4963
4853 4964
1701 4965
1800 4966
1426 4967
42 4968
4051 4969
1095 4970
768 4971
470 4972
2746 4973
674 4974
2544 4975
209 4976
524 4977
3194 4978
203 4979
3275 4980
2474 4981
3863 4982
27 4983
3892 4984
3021 4985
329 4986
3774 4987
6 4988
2571 4989
431 4990
3199 4991
4799 4992
1056 4993
4233 4994
212 4995
981 4996
3275 4997
280 4998
4805 4999
203 5000
4705 5001
4279 5002
2953 5003
165 5004
667 5005
145 5006
2945 5007
2746 5008
829 5009
765 5010
59 5011
646 5012
2 5013
217 5014
4858 5015
4161 5016
165 5017
3983 5018
602 5019
3246 5020
22 5021
38 5022
1697 5023
901 5024
4705 5025
970 5026
4544 5027
601 5028
1586 5029
4018 5030
2155 5031
3931 5032
2227 5033
2972 5034
1476 5035
3565 5036
2068 5037
4628 5038
3379 5039
4279 5040
724 5041
364 5042
2894 5043
572 5044
2965 5045
79 5046
3960 5047
1038 5048
1506 5049
390 5050
2800 5051
1596 5052
1096 5053
1837 5054
567 5055
602 5056
474 5057
95 5058
1633 5059
2330 5060
1096 5061
3837 5062
3863 5063
1585 5064
209 5065
1426 5066
1627 5067
4879 5068
4816 5069
3399 5070
2075 5071
4081 5072
46 5073
1124 5074
541 5075
59 5076
2620 5077
1811 5078
4018 5079
446 5080
186 5081
516 5082
1343 5083
4810 5084
1267 5085
863 5086
4640 5087
76 5088
3100 5089
3667 5090
110 5091
3877 5092
1238 5093
918 5094
186 5095
4591 5096
475 5097
4464 5098
2894 5099
3194 5100
4655 5101
4816 5102
1076 5103
4597 5104
4826 5105
3379 5106
1805 5107
3081 5108
674 5109
3918 5110
1124 5111
1426 5112
4517 5113
1633 5114
66 5115
4923 5116
110 5117
4467 5118
699 5119
2904 5120
2894 5121
3774 5122
4860 5123
189 5124
3988 5125
1742 5126
4161 5127
2057 5128
3816 5129
780 5130
3988 5131
310 5132
2035 5133
666 5134
682 5135
2558 5136
1095 5137
4644 5138
5091 5139
769 5140
1598 5141
3457 5142
699 5143
1031 5144
53 5145
4591 5146
3897 5147
1648 5148
1627 5149
3367 5150
2746 5151
3337 5152
4874 5153
952 5154
2288 5155
4826 5156
2966 5157
4517 5158
89 5159
145 5160
1476 5161
4161 5162
3134 5163
4788 5164
363 5165
516 5166
15 5167
608 5168
601 5169
12 5170
4152 5171
966 5172
3568 5173
2 5174
516 5175
4504 5176
218 5177
4236 5178
195 5179
829 5180
4638 5181
2332 5182
4722 5183
1961 5184
329 5185
3311 5186
2024 5187
1596 5188
2033 5189
3446 5190
297 5191
2642 5192
499 5193
2832 5194
1115 5195
4178 5196
804 5197
415 5198
4501 5199
5013 5200
446 5201
474 5202
4826 5203
1434 5204
3590 5205
674 5206
976 5207
3842 5208
14 5209
1701 5210
1649 5211
199 5212
4507 5213
1840 5214
2546 5215
3983 5216
4726 5217
106 5218
847 5219
47 5220
1648 5221
2588 5222
3100 5223
3992 5224
212 5225
14 5226
583 5227
3892 5228
3931 5229
2634 5230
3841 5231
3818 5232
2904 5233
2865 5234
4517 5235
247 5236
4192 5237
3954 5238
4988 5239
3740 5240
5174 5241
2227 5242
397 5243
970 5244
5110 5245
2576 5246
4726 5247
3500 5248
3339 5249
1036 5250
4544 5251
2620 5252
613 5253
4178 5254
203 5255
4273 5256
703 5257
2539 5258
10 5259
297 5260
602 5261
4192 5262
186 5263
711 5264
673 5265
4868 5266
2558 5267
4810 5268
3318 5269
1426 5270
917 5271
5147 5272
2065 5273
4333 5274
2634 5275
3467 5276
3214 5277
2411 5278
19 5279
4361 5280
617 5281
47 5282
4655 5283
95 5284
3379 5285
3983 5286
4152 5287
5056 5288
5261 5289
1596 5290
3954 5291
5167 5292
3629 5293
3877 5294
4709 5295
397 5296
1986 5297
2907 5298
4988 5299
5019 5300
650 5301
1267 5302
3214 5303
3546 5304
1174 5305
944 5306
3054 5307
1840 5308
4705 5309
3817 5310
1561 5311
1426 5312
23 5313
289 5314
4655 5315
1506 5316
2901 5317
419 5318
18 5319
2735 5320
4810 5321
487 5322
4811 5323
2632 5324
674 5325
4223 5326
4279 5327
3816 5328
195 5329
3246 5330
4879 5331
3837 5332
42 5333
475 5334
2332 5335
579 5336
1811 5337
797 5338
617 5339
464 5340
3992 5341
4544 5342
944 5343
574 5344
449 5345
4871 5346
2180 5347
313 5348
44 5349
7 5350
1649 5351
2057 5352
4180 5353
2411 5354
2735 5355
58 5356
464 5357
487 5358
4333 5359
1458 5360
1586 5361
4129 5362
3988 5363
4256 5364
3568 5365
3795 5366
2341 5367
4808 5368
3892 5369
4278 5370
673 5371
3054 5372
4860 5373
300 5374
3575 5375
699 5376
2065 5377
639 5378
199 5379
474 5380
4327 5381
1986 5382
4196 5383
3366 5384
2897 5385
3131 5386
1805 5387
4819 5388
3131 5389
494 5390
1604 5391
431 5392
1627 5393
1523 5394
4709 5395
224 5396
17 5397
746 5398
2588 5399
95 5400
4180 5401
5091 5402
296 5403
95 5404
3500 5405
1596 5406
364 5407
1177 5408
2904 5409
1627 5410
3284 5411
4463 5412
3797 5413
2082 5414
4640 5415
4517 5416
4161 5417
3696 5418
1426 5419
4159 5420
1329 5421
4900 5422
23 5423
2540 5424
4500 5425
1430 5426
4164 5427
96 5428
4061 5429
5004 5430
4156 5431
639 5432
5280 5433
139 5434
2065 5435
2258 5436
724 5437
4805 5438
4860 5439
2723 5440
4214 5441
2136 5442
4753 5443
4164 5444
76 5445
1115 5446
3768 5447
3667 5448
4530 5449
4683 5450
724 5451
2735 5452
5440 5453
2332 5454
52 5455
574 5456
29 5457
3100 5458
3070 5459
1277 5460
4256 5461
1506 5462
253 5463
77 5464
307 5465
664 5466
599 5467
2411 5468
611 5469
4753 5470
1993 5471
3214 5472
3647 5473
4709 5474
431 5475
273 5476
4816 5477
56 5478
1399 5479
4233 5480
918 5481
4051 5482
5203 5483
5439 5484
4988 5485
1089 5486
1089 5487
77 5488
872 5489
1633 5490
2642 5491
3284 5492
1219 5493
3214 5494
4816 5495
2136 5496
1523 5497
2723 5498
896 5499
5263 5500
5498 5501
297 5502
3070 5503
3233 5504
459 5505
727 5506
2576 5507
3214 5508
1650 5509
4826 5510
2746 5511
4808 5512
5201 5513
2196 5514
952 5515
209 5516
3390 5517
3841 5518
139 5519
966 5520
4273 5521
615 5522
4923 5523
1089 5524
390 5525
2059 5526
4159 5527
4333 5528
1752 5529
3399 5530
4278 5531
1463 5532
49 5533
599 5534
2411 5535
1697 5536
5201 5537
95 5538
5080 5539
3568 5540
524 5541
4279 5542
944 5543
4819 5544
1805 5545
431 5546
982 5547
516 5548
59 5549
3110 5550
1395 5551
2620 5552
769 5553
3190 5554
1402 5555
5498 5556
4753 5557
1523 5558
976 5559
3954 5560
1649 5561
2832 5562
765 5563
2065 5564
447 5565
3131 5566
6 5567
5 5568
511 5569
2965 5570
4810 5571
2825 5572
4333 5573
4500 5574
3134 5575
72 5576
1203 5577
689 5578
192 5579
3740 5580
3399 5581
1945 5582
2832 5583
605 5584
152 5585
2059 5586
1095 5587
4985 5588
1247 5589
5380 5590
2155 5591
4709 5592
4587 5593
203 5594
397 5595
862 5596
4649 5597
3214 5598
3774 5599
1585 5600
363 5601
5081 5602
5110 5603
2227 5604
658 5605
3892 5606
1017 5607
666 5608
2488 5609
727 5610
3983 5611
1956 5612
1701 5613
4433 5614
225 5615
4464 5616
2620 5617
1096 5618
8 5619
1477 5620
5110 5621
77 5622
3629 5623
4988 5624
5004 5625
313 5626
3960 5627
187 5628
2506 5629
667 5630
396 5631
106 5632
5544 5633
4628 5634
4420 5635
639 5636
1343 5637
3992 5638
1993 5639
2322 5640
5243 5641
5201 5642
292 5643
1749 5644
2546 5645
281 5646
364 5647
3877 5648
3590 5649
2118 5650
3100 5651
5236 5652
3863 5653
3872 5654
1862 5655
4000 5656
4464 5657
650 5658
5630 5659
3367 5660
3367 5661
3988 5662
32 5663
46 5664
5440 5665
4652 5666
4327 5667
2544 5668
2082 5669
4156 5670
3647 5671
2927 5672
102 5673
765 5674
2007 5675
4809 5676
650 5677
2413 5678
4871 5679
1857 5680
3696 5681
768 5682
5201 5683
1343 5684
3100 5685
1384 5686
1018 5687
4816 5688
15 5689
966 5690
550 5691
2953 5692
2390 5693
5568 5694
199 5695
1194 5696
4587 5697
225 5698
3134 5699
2588 5700
787 5701
4808 5702
3021 5703
780 5704
2653 5705
5123 5706
1945 5707
2544 5708
2075 5709
951 5710
923 5711
1031 5712
2666 5713
2907 5714
803 5715
248 5716
5087 5717
900 5718
248 5719
5087 5720
2976 5721
481 5722
2753 5723
139 5724
4587 5725
4092 5726
2358 5727
186 5728
1247 5729
4501 5730
292 5731
2306 5732
47 5733
1376 5734
2972 5735
1077 5736
2546 5737
1697 5738
183 5739
615 5740
4464 5741
4853 5742
674 5743
524 5744
152 5745
511 5746
1458 5747
3647 5748
759 5749
1650 5750
2413 5751
455 5752
699 5753
65 5754
133 5755
918 5756
97 5757
3134 5758
1973 5759
4420 5760
1077 5761
4667 5762
1096 5763
2180 5764
4697 5765
4192 5766
681 5767
2007 5768
1238 5769
199 5770
4333 5771
5019 5772
1701 5773
4587 5774
5110 5775
4805 5776
3021 5777
5105 5778
4808 5779
72 5780
247 5781
5595 5782
769 5783
1971 5784
5350 5785
1523 5786
3010 5787
4081 5788
1973 5789
4826 5790
3260 5791
5019 5792
65 5793
4826 5794
79 5795
2 5796
5167 5797
3 5798
4628 5799
3931 5800
1701 5801
106 5802
3795 5803
2907 5804
5056 5805
3795 5806
3816 5807
2075 5808
2571 5809
3054 5810
3565 5811
2540 5812
446 5813
76 5814
4279 5815
4473 5816
390 5817
4180 5818
464 5819
3582 5820
76 5821
5095 5822
423 5823
3246 5824
419 5825
97 5826
2617 5827
798 5828
2129 5829
296 5830
4816 5831
1973 5832
617 5833
289 5834
141 5835
186 5836
1476 5837
5263 5838
4504 5839
3877 5840
2129 5841
5147 5842
4180 5843
2288 5844
4799 5845
52 5846
20 5847
2488 5848
2182 5849
3780 5850
4804 5851
4051 5852
2616 5853
803 5854
366 5855
2272 5856
165 5857
1125 5858
2825 5859
3055 5860
97 5861
20 5862
2625 5863
4852 5864
4333 5865
1749 5866
3900 5867
4081 5868
1267 5869
3629 5870
1194 5871
3962 5872
3768 5873
4000 5874
849 5875
1397 5876
5110 5877
4705 5878
3902 5879
3394 5880
5834 5881
4463 5882
139 5883
3629 5884
4501 5885
985 5886
2068 5887
113 5888
1996 5889
664 5890
3983 5891
23 5892
3296 5893
1846 5894
3457 5895
4810 5896
2546 5897
1177 5898
1417 5899
1152 5900
2875 5901
1018 5902
511 5903
3214 5904
3110 5905
601 5906
2897 5907
2057 5908
1017 5909
1463 5910
667 5911
5703 5912
38 5913
10 5914
957 5915
5449 5916
1795 5917
674 5918
1805 5919
4180 5920
985 5921
4652 5922
5533 5923
2658 5924
2413 5925
681 5926
5794 5927
4649 5928
1224 5929
152 5930
485 5931
1795 5932
727 5933
273 5934
4193 5935
3079 5936
183 5937
1428 5938
65 5939
4081 5940
5510 5941
2945 5942
3561 5943
1794 5944
4473 5945
966 5946
1417 5947
307 5948
1174 5949
664 5950
4829 5951
2544 5952
32 5953
674 5954
646 5955
524 5956
2082 5957
3983 5958
72 5959
2953 5960
970 5961
2527 5962
1415 5963
2411 5964
3390 5965
2544 5966
5167 5967
5095 5968
617 5969
2322 5970
38 5971
3551 5972
5373 5973
516 5974
759 5975
24 5976
2082 5977
314 5978
1115 5979
2345 5980
4649 5981
186 5982
4868 5983
3780 5984
390 5985
5005 5986
95 5987
4173 5988
5857 5989
4638 5990
5544 5991
1115 5992
901 5993
3379 5994
2390 5995
3954 5996
768 5997
2051 5998
605 5999
192 6000
96 6001
2411 6002
3079 6003
2875 6004
95 6005
673 6006
4333 6007
11 6008
9 6009
918 6010
3104 6011
5439 6012
3366 6013
46 6014
1712 6015
763 6016
1430 6017
804 6018
2367 6019
583 6020
4722 6021
765 6022
1224 6023
2832 6024
3559 6025
639 6026
4852 6027
4501 6028
5689 6029
1993 6030
4649 6031
4860 6032
3284 6033
4278 6034
567 6035
4327 6036
1857 6037
5796 6038
3795 6039
5781 6040
5209 6041
1001 6042
3021 6043
3275 6044
4517 6045
3366 6046
862 6047
616 6048
5631 6049
706 6050
4152 6051
4628 6052
901 6053
1426 6054
1700 6055
474 6056
124 6057
2390 6058
113 6059
4473 6060
5781 6061
3872 6062
4156 6063
2065 6064
3551 6065
4504 6066
706 6067
5510 6068
1628 6069
5203 6070
4871 6071
4628 6072
1604 6073
1247 6074
1742 6075
2576 6076
96 6077
2118 6078
2965 6079
273 6080
4823 6081
1857 6082
5982 6083
4628 6084
2330 6085
3457 6086
1376 6087
9 6088
1752 6089
3897 6090
79 6091
5057 6092
4233 6093
872 6094
5013 6095
475 6096
248 6097
6056 6098
1650 6099
4327 6100
3354 6101
985 6102
2136 6103
4482 6104
402 6105
77 6106
2907 6107
1077 6108
1857 6109
862 6110
3367 6111
2653 6112
2227 6113
1343 6114
400 6115
2272 6116
706 6117
1267 6118
653 6119
3190 6120
650 6121
4482 6122
3992 6123
900 6124
4819 6125
2180 6126
2539 6127
944 6128
97 6129
1701 6130
2470 6131
2068 6132
3199 6133
4129 6134
4709 6135
481 6136
5596 6137
1364 6138
4164 6139
1403 6140
4361 6141
3962 6142
5091 6143
1417 6144
4674 6145
4652 6146
4399 6147
3774 6148
550 6149
1194 6150
5350 6151
174 6152
3354 6153
4399 6154
4092 6155
1458 6156
3284 6157
162 6158
689 6159
1627 6160
1274 6161
1477 6162
5982 6163
4420 6164
3797 6165
5630 6166
1194 6167
3337 6168
4823 6169
3872 6170
3090 6171
550 6172
1973 6173
631 6174
4587 6175
297 6176
2800 6177
474 6178
111 6179
3817 6180
2506 6181
5498 6182
3795 6183
2065 6184
3863 6185
4173 6186
1247 6187
3797 6188
1125 6189
1067 6190
4923 6191
5399 6192
3055 6193
1458 6194
1274 6195
4517 6196
1805 6197
4423 6198
1700 6199
20 6200
2546 6201
3021 6202
583 6203
5706 6204
1607 6205
3183 6206
320 6207
3054 6208
2390 6209
4178 6210
872 6211
3802 6212
739 6213
3897 6214
9 6215
5568 6216
2658 6217
611 6218
5017 6219
4809 6220
2330 6221
3110 6222
46 6223
329 6224
4811 6225
5388 6226
4826 6227
847 6228
639 6229
3983 6230
3818 6231
320 6232
1399 6233
5568 6234
1846 6235
186 6236
292 6237
616 6238
5081 6239
5373 6240
4722 6241
3802 6242
668 6243
5380 6244
253 6245
5263 6246
4196 6247
4819 6248
423 6249
474 6250
5834 6251
1238 6252
135 6253
32 6254
521 6255
5261 6256
631 6257
1096 6258
4278 6259
14 6260
4649 6261
1096 6262
4423 6263
6032 6264
5836 6265
2306 6266
3208 6267
281 6268
976 6269
3367 6270
2634 6271
89 6272
1031 6273
914 6274
3311 6275
746 6276
4510 6277
2865 6278
53 6279
4173 6280
5596 6281
3992 6282
307 6283
2082 6284
6 6285
65 6286
952 6287
1956 6288
3260 6289
2155 6290
77 6291
1749 6292
2024 6293
4463 6294
2180 6295
6248 6296
682 6297
2571 6298
5798 6299
6202 6300
3546 6301
5498 6302
1463 6303
1247 6304
511 6305
966 6306
53 6307
1 6308
42 6309
455 6310
4808 6311
2068 6312
1649 6313
1261 6314
5087 6315
3029 6316
5794 6317
658 6318
446 6319
4805 6320
1586 6321
2617 6322
6043 6323
431 6324
3962 6325
4829 6326
3366 6327
3954 6328
631 6329
865 6330
292 6331
666 6332
3853 6333
397 6334
4853 6335
1384 6336
5 6337
324 6338
3467 6339
292 6340
3817 6341
4753 6342
3318 6343
4649 6344
449 6345
5013 6346
3260 6347
419 6348
5314 6349
1752 6350
4640 6351
3110 6352
320 6353
3467 6354
608 6355
4826 6356
602 6357
4544 6358
1285 6359
128 6360
3196 6361
2825 6362
5123 6363
2082 6364
3194 6365
224 6366
4871 6367
2607 6368
281 6369
2118 6370
608 6371
5209 6372
1194 6373
331 6374
565 6375
402 6376
209 6377
4196 6378
1238 6379
3837 6380
152 6381
1648 6382
3010 6383
1614 6384
1628 6385
5350 6386
3081 6387
280 6388
5836 6389
3816 6390
982 6391
574 6392
4333 6393
4196 6394
1700 6395
2907 6396
145 6397
4363 6398
4629 6399
2607 6400
2800 6401
4248 6402
5794 6403
6400 6404
3284 6405
440 6406
4327 6407
2976 6408
5296 6409
1384 6410
4256 6411
1022 6412
5790 6413
97 6414
6356 6415
5836 6416
139 6417
96 6418
217 6419
3054 6420
3394 6421
2576 6422
5706 6423
1125 6424
275 6425
6178 6426
44 6427
3134 6428
2897 6429
2306 6430
2588 6431
982 6432
6250 6433
481 6434
3194 6435
4053 6436
2322 6437
4988 6438
2616 6439
3667 6440
4233 6441
944 6442
3110 6443
2526 6444
11 6445
5728 6446
3390 6447
320 6448
4214 6449
2863 6450
9 6451
3296 6452
27 6453
4327 6454
2653 6455
4233 6456
3296 6457
209 6458
574 6459
373 6460
605 6461
879 6462
5209 6463
4061 6464
982 6465
3696 6466
5087 6467
4500 6468
4273 6469
216 6470
1261 6471
865 6472
1224 6473
4683 6474
5201 6475
3780 6476
124 6477
195 6478
3104 6479
4808 6480
689 6481
2024 6482
4399 6483
2904 6484
5834 6485
1586 6486
3233 6487
4871 6488
862 6489
2554 6490
2945 6491
4805 6492
681 6493
6333 6494
951 6495
1467 6496
162 6497
481 6498
2330 6499
1862 6500
1396 6501
674 6502
3900 6503
6368 6504
631 6505
5013 6506
617 6507
6410 6508
373 6509
4178 6510
2735 6511
863 6512
511 6513
3260 6514
203 6515
2625 6516
2527 6517
2746 6518
1795 6519
601 6520
2829 6521
5706 6522
2863 6523
5790 6524
759 6525
5399 6526
2272 6527
4860 6528
4829 6529
4000 6530
3246 6531
2051 6532
4829 6533
1749 6534
324 6535
4728 6536
1476 6537
3696 6538
616 6539
2345 6540
2735 6541
5017 6542
1598 6543
3055 6544
135 6545
3339 6546
4504 6547
503 6548
3399 6549
183 6550
4860 6551
970 6552
97 6553
5167 6554
440 6555
6337 6556
3354 6557
6522 6558
1857 6559
431 6560
2082 6561
862 6562
79 6563
4196 6564
3954 6565
2315 6566
5209 6567
2829 6568
2576 6569
289 6570
3055 6571
9 6572
275 6573
5005 6574
192 6575
4649 6576
4173 6577
4159 6578
113 6579
3029 6580
1742 6581
6363 6582
1399 6583
4507 6584
2539 6585
4728 6586
4164 6587
96 6588
4853 6589
1596 6590
431 6591
4399 6592
2753 6593
5781 6594
3818 6595
106 6596
3337 6597
2539 6598
521 6599
923 6600
2904 6601
1077 6602
2051 6603
4544 6604
3546 6605
396 6606
1596 6607
1203 6608
1056 6609
1477 6610
1542 6611
3561 6612
6032 6613
281 6614
6334 6615
1628 6616
1586 6617
5091 6618
3029 6619
3366 6620
1095 6621
673 6622
6255 6623
1811 6624
4674 6625
1124 6626
2474 6627
19 6628
863 6629
2258 6630
77 6631
203 6632
76 6633
1650 6634
952 6635
470 6636
446 6637
3190 6638
4879 6639
521 6640
12 6641
938 6642
5440 6643
195 6644
2035 6645
5415 6646
5980 6647
59 6648
780 6649
2666 6650
5167 6651
2607 6652
865 6653
4640 6654
1973 6655
1794 6656
4810 6657
4510 6658
4598 6659
145 6660
4327 6661
5706 6662
4655 6663
5498 6664
4159 6665
2869 6666
3780 6667
32 6668
5544 6669
3 6670
1542 6671
849 6672
6535 6673
837 6674
4638 6675
976 6676
4687 6677
1654 6678
787 6679
1840 6680
6599 6681
3582 6682
2632 6683
3897 6684
1467 6685
4399 6686
2177 6687
5261 6688
674 6689
1067 6690
2182 6691
5567 6692
1614 6693
2735 6694
3446 6695
1614 6696
957 6697
4492 6698
409 6699
145 6700
4399 6701
5004 6702
2185 6703
17 6704
579 6705
499 6706
4823 6707
970 6708
5056 6709
521 6710
5778 6711
7 6712
4799 6713
3551 6714
58 6715
3892 6716
3902 6717
4687 6718
1147 6719
5081 6720
10 6721
3892 6722
3900 6723
3780 6724
1274 6725
5296 6726
6662 6727
1089 6728
849 6729
19 6730
653 6731
133 6732
5203 6733
3841 6734
4053 6735
5794 6736
550 6737
1857 6738
4473 6739
225 6740
6285 6741
3780 6742
1194 6743
4823 6744
4517 6745
706 6746
2411 6747
5980 6748
5081 6749
4871 6750
174 6751
47 6752
1701 6753
102 6754
4156 6755
2057 6756
292 6757
541 6758
96 6759
970 6760
4233 6761
3817 6762
145 6763
4018 6764
485 6765
613 6766
4788 6767
5568 6768
5533 6769
2607 6770
6640 6771
133 6772
4853 6773
3335 6774
275 6775
4826 6776
1572 6777
12 6778
11 6779
373 6780
2617 6781
4853 6782
1219 6783
4804 6784
292 6785
4500 6786
402 6787
966 6788
4510 6789
481 6790
2972 6791
4805 6792
896 6793
4638 6794
1795 6795
3546 6796
2588 6797
373 6798
187 6799
682 6800
174 6801
3318 6802
2196 6803
4159 6804
4145 6805
297 6806
667 6807
152 6808
113 6809
6684 6810
3081 6811
3208 6812
2526 6813
4655 6814
5170 6815
2488 6816
1607 6817
6337 6818
511 6819
481 6820
1697 6821
6522 6822
3296 6823
14 6824
72 6825
3391 6826
4178 6827
4544 6828
605 6829
711 6830
3079 6831
5778 6832
5013 6833
47 6834
5533 6835
2413 6836
769 6837
5110 6838
2196 6839
5510 6840
3962 6841
58 6842
844 6843
2576 6844
2972 6845
4804 6846
1697 6847
18 6848
3960 6849
366 6850
759 6851
3335 6852
6308 6853
9 6854
759 6855
9 6856
217 6857
1036 6858
494 6859
364 6860
985 6861
3872 6862
5533 6863
2927 6864
2413 6865
21 6866
3457 6867
1402 6868
5004 6869
53 6870
5105 6871
5056 6872
2965 6873
658 6874
5117 6875
5982 6876
2035 6877
2390 6878
1095 6879
521 6880
10 6881
124 6882
192 6883
601 6884
5056 6885
5388 6886
6712 6887
1397 6888
3131 6889
2546 6890
5005 6891
5380 6892
6337 6893
6090 6894
1523 6895
2185 6896
5415 6897
1274 6898
982 6899
5982 6900
79 6901
5798 6902
1506 6903
2620 6904
5243 6905
247 6906
4697 6907
6356 6908
3897 6909
3667 6910
291 6911
863 6912
3196 6913
1749 6914
5202 6915
3296 6916
599 6917
2306 6918
49 6919
2057 6920
2617 6921
310 6922
5510 6923
415 6924
982 6925
879 6926
2863 6927
2787 6928
4053 6929
397 6930
6654 6931
4808 6932
608 6933
3390 6934
1956 6935
3582 6936
541 6937
901 6938
5110 6939
4823 6940
6333 6941
5057 6942
5091 6943
3780 6944
4644 6945
20 6946
4214 6947
1174 6948
3233 6949
225 6950
2546 6951
4874 6952
2358 6953
847 6954
1701 6955
6011 6956
6522 6957
3100 6958
4159 6959
141 6960
6 6961
4061 6962
145 6963
541 6964
837 6965
280 6966
5170 6967
6333 6968
10 6969
5174 6970
1115 6971
165 6972
3214 6973
1040 6974
5123 6975
4256 6976
192 6977
605 6978
39 6979
1973 6980
4544 6981
541 6982
3629 6983
6972 6984
5781 6985
4463 6986
780 6987
5105 6988
3399 6989
3284 6990
2185 6991
759 6992
102 6993
6141 6994
216 6995
6509 6996
5 6997
4248 6998
12 6999
1397 7000
1811 7001
2059 7002
5798 7003
4804 7004
110 7005
4180 7006
77 7007
3629 7008
849 7009
5813 7010
6479 7011
2966 7012
6662 7013
4687 7014
4423 7015
2965 7016
1174 7017
5794 7018
6866 7019
768 7020
2180 7021
5243 7022
3551 7023
2825 7024
225 7025
4333 7026
3842 7027
631 7028
844 7029
1089 7030
5203 7031
4985 7032
6178 7033
494 7034
599 7035
128 7036
746 7037
6255 7038
2177 7039
3551 7040
3055 7041
6125 7042
2634 7043
1096 7044
3872 7045
1700 7046
6641 7047
0 7048
2068 7049
2539 7050
2965 7051
225 7052
3877 7053
4722 7054
1203 7055
611 7056
3311 7057
6032 7058
3199 7059
2068 7060
1343 7061
4067 7062
2082 7063
4000 7064
1956 7065
1077 7066
804 7067
2024 7068
2865 7069
768 7070
1945 7071
658 7072
6250 7073
1697 7074
1247 7075
203 7076
862 7077
4952 7078
3931 7079
22 7080
1458 7081
3619 7082
2865 7083
5630 7084
4492 7085
2068 7086
5081 7087
4507 7088
4683 7089
844 7090
6599 7091
3233 7092
2506 7093
139 7094
6866 7095
2526 7096
6997 7097
3194 7098
248 7099
3872 7100
2470 7101
3367 7102
3131 7103
7 7104
19 7105
3055 7106
6919 7107
3740 7108
5373 7109
511 7110
914 7111
3446 7112
966 7113
5202 7114
2057 7115
1477 7116
9 7117
6540 7118
431 7119
4214 7120
6260 7121
6357 7122
957 7123
7048 7124
2544 7125
65 7126
6333 7127
5057 7128
599 7129
5174 7130
4640 7131
5280 7132
4420 7133
4256 7134
5388 7135
6110 7136
2390 7137
3841 7138
3233 7139
3983 7140
809 7141
4809 7142
699 7143
247 7144
366 7145
446 7146
3590 7147
3131 7148
1862 7149
1203 7150
56 7151
6712 7152
5174 7153
3284 7154
300 7155
3199 7156
1837 7157
141 7158
2571 7159
524 7160
1945 7161
2863 7162
6410 7163
1417 7164
6489 7165
4629 7166
481 7167
6919 7168
248 7169
397 7170
3816 7171
2035 7172
4591 7173
4084 7174
3988 7175
1224 7176
769 7177
4598 7178
1542 7179
5703 7180
373 7181
1428 7182
4327 7183
6997 7184
1523 7185
550 7186
3816 7187
2965 7188
6711 7189
475 7190
22 7191
4629 7192
3627 7193
4510 7194
1805 7195
1971 7196
217 7197
3467 7198
5170 7199
52 7200
4214 7201
1194 7202
918 7203
5813 7204
5399 7205
4805 7206
49 7207
5350 7208
5005 7209
4178 7210
1654 7211
27 7212
56 7213
2322 7214
4860 7215
4644 7216
124 7217
901 7218
1956 7219
135 7220
1415 7221
4196 7222
270 7223
5203 7224
331 7225
608 7226
769 7227
5796 7228
253 7229
1542 7230
5314 7231
628 7232
6479 7233
5280 7234
4464 7235
5595 7236
1364 7237
366 7238
957 7239
4492 7240
4492 7241
4728 7242
459 7243
6141 7244
4482 7245
976 7246
5399 7247
2746 7248
653 7249
5703 7250
217 7251
275 7252
2367 7253
5350 7254
847 7255
6489 7256
3055 7257
865 7258
3233 7259
5449 7260
6997 7261
1463 7262
4081 7263
4180 7264
3190 7265
296 7266
4728 7267
6997 7268
6090 7269
653 7270
6236 7271
5706 7272
4952 7273
6337 7274
292 7275
1794 7276
2800 7277
3500 7278
310 7279
4333 7280
1285 7281
273 7282
1267 7283
608 7284
872 7285
360 7286
331 7287
5350 7288
711 7289
4081 7290
1203 7291
2588 7292
6528 7293
6906 7294
6807 7295
7230 7296
6338 7297
4000 7298
3931 7299
2723 7300
5686 7301
6930 7302
579 7303
1077 7304
4811 7305
4697 7306
613 7307
192 7308
4829 7309
3740 7310
3837 7311
5080 7312
5226 7313
3391 7314
616 7315
1506 7316
6551 7317
5350 7318
1018 7319
2527 7320
6919 7321
1649 7322
2284 7323
5631 7324
2620 7325
5087 7326
5498 7327
1067 7328
6509 7329
6043 7330
3863 7331
5440 7332
1742 7333
2182 7334
4051 7335
1572 7336
628 7337
212 7338
7005 7339
152 7340
4705 7341
3183 7342
6337 7343
11 7344
1022 7345
5728 7346
5203 7347
4161 7348
739 7349
2155 7350
4705 7351
331 7352
209 7353
96 7354
976 7355
5056 7356
3902 7357
628 7358
5170 7359
1697 7360
5568 7361
2488 7362
1986 7363
900 7364
42 7365
6248 7366
1399 7367
485 7368
2539 7369
4530 7370
6 7371
2976 7372
212 7373
616 7374
613 7375
599 7376
6919 7377
2411 7378
812 7379
3134 7380
4464 7381
3561 7382
1038 7383
3390 7384
4233 7385
4985 7386
1654 7387
6972 7388
5796 7389
667 7390
2474 7391
3546 7392
5005 7393
42 7394
5700 7395
602 7396
1572 7397
6423 7398
2829 7399
6606 7400
3457 7401
6528 7402
917 7403
3863 7404
6011 7405
1697 7406
1384 7407
6423 7408
4467 7409
1523 7410
3696 7411
6032 7412
5095 7413
3897 7414
957 7415
1096 7416
5110 7417
4129 7418
6570 7419
4420 7420
2315 7421
6500 7422
1307 7423
2829 7424
4598 7425
1056 7426
3335 7427
4597 7428
1506 7429
2035 7430
2616 7431
2108 7432
4853 7433
7223 7434
23 7435
470 7436
7292 7437
111 7438
431 7439
1036 7440
56 7441
716 7442
3954 7443
1627 7444
402 7445
6410 7446
3627 7447
2440 7448
1742 7449
1800 7450
297 7451
1794 7452
5296 7453
247 7454
3853 7455
6522 7456
4501 7457
917 7458
1152 7459
6652 7460
363 7461
2642 7462
5857 7463
2616 7464
4709 7465
4823 7466
4256 7467
5703 7468
1795 7469
77 7470
464 7471
3647 7472
174 7473
5911 7474
3962 7475
373 7476
59 7477
6641 7478
5080 7479
5263 7480
4923 7481
2345 7482
4530 7483
1700 7484
5202 7485
3134 7486
3 7487
3110 7488
4161 7489
5595 7490
797 7491
400 7492
7292 7493
985 7494
1607 7495
2544 7496
1067 7497
6125 7498
2341 7499
4517 7500
6599 7501
5105 7502
3081 7503
2607 7504
2007 7505
1596 7506
6255 7507
5567 7508
6780 7509
400 7510
787 7511
6824 7512
5222 7513
3629 7514
4361 7515
7371 7516
6032 7517
1506 7518
3311 7519
2345 7520
4363 7521
763 7522
4333 7523
6797 7524
2470 7525
976 7526
53 7527
4278 7528
42 7529
4223 7530
579 7531
957 7532
1800 7533
447 7534
724 7535
400 7536
2177 7537
3565 7538
135 7539
3467 7540
2196 7541
4507 7542
4248 7543
3199 7544
3366 7545
2927 7546
4053 7547
6337 7548
2904 7549
3366 7550
2800 7551
6308 7552
2558 7553
6236 7554
918 7555
6871 7556
4826 7557
3457 7558
2185 7559
2540 7560
7515 7561
44 7562
844 7563
4501 7564
3696 7565
292 7566
5790 7567
3774 7568
113 7569
5781 7570
7396 7571
5261 7572
6562 7573
2 7574
4000 7575
2965 7576
455 7577
3284 7578
6255 7579
390 7580
2527 7581
2330 7582
5796 7583
4061 7584
6909 7585
6319 7586
7146 7587
1402 7588
2051 7589
281 7590
3199 7591
390 7592
314 7593
3311 7594
780 7595
837 7596
6460 7597
1246 7598
2185 7599
1261 7600
900 7601
1089 7602
6337 7603
952 7604
4180 7605
0 7606
21 7607
475 7608
5700 7609
4874 7610
1038 7611
862 7612
6351 7613
4829 7614
653 7615
5777 7616
4674 7617
4647 7618
1794 7619
532 7620
5243 7621
6906 7622
6236 7623
5 7624
3780 7625
6400 7626
2180 7627
746 7628
3863 7629
3029 7630
2825 7631
5123 7632
2653 7633
4053 7634
1846 7635
3768 7636
2546 7637
4705 7638
212 7639
3841 7640
7520 7641
605 7642
2288 7643
38 7644
1523 7645
6336 7646
516 7647
3081 7648
5388 7649
3 7650
2897 7651
879 7652
605 7653
2945 7654
4874 7655
17 7656
2571 7657
5380 7658
4629 7659
4826 7660
247 7661
847 7662
440 7663
5056 7664
7215 7665
6671 7666
307 7667
583 7668
27 7669
6357 7670
6319 7671
1697 7672
133 7673
7606 7674
5296 7675
6047 7676
6337 7677
7612 7678
6652 7679
1542 7680
76 7681
2227 7682
6670 7683
2488 7684
2024 7685
6308 7686
4327 7687
900 7688
3246 7689
6431 7690
2576 7691
4530 7692
6611 7693
6047 7694
7390 7695
7606 7696
6260 7697
162 7698
4084 7699
2136 7700
1125 7701
711 7702
7661 7703
872 7704
6410 7705
6227 7706
5388 7707
1604 7708
4923 7709
1031 7710
1598 7711
6909 7712
6866 7713
7515 7714
6797 7715
7 7716
628 7717
281 7718
2544 7719
6988 7720
3104 7721
2800 7722
3131 7723
135 7724
1701 7725
3367 7726
44 7727
4399 7728
4687 7729
14 7730
4278 7731
1752 7732
1124 7733
1076 7734
1650 7735
5630 7736
711 7737
7504 7738
3960 7739
4467 7740
4826 7741
4236 7742
3131 7743
6319 7744
1329 7745
4256 7746
4152 7747
7 7748
3079 7749
4638 7750
3696 7751
1633 7752
5105 7753
6043 7754
2800 7755
320 7756
7170 7757
6460 7758
4788 7759
1846 7760
724 7761
1067 7762
4504 7763
1415 7764
7515 7765
7632 7766
6807 7767
917 7768
216 7769
7661 7770
3818 7771
1604 7772
5655 7773
4463 7774
550 7775
2607 7776
1415 7777
4501 7778
681 7779
3551 7780
650 7781
4196 7782
6611 7783
4697 7784
3339 7785
273 7786
768 7787
5399 7788
218 7789
2539 7790
4598 7791
923 7792
320 7793
3081 7794
4180 7795
7223 7796
5440 7797
2735 7798
360 7799
396 7800
6125 7801
96 7802
1697 7803
608 7804
706 7805
699 7806
4236 7807
494 7808
3446 7809
4638 7810
1194 7811
667 7812
1219 7813
583 7814
7396 7815
2306 7816
6363 7817
4829 7818
4156 7819
2129 7820
4159 7821
6248 7822
3837 7823
17 7824
2607 7825
746 7826
5174 7827
5167 7828
503 7829
6652 7830
174 7831
1492 7832
6204 7833
474 7834
5263 7835
6611 7836
7230 7837
4 7838
32 7839
739 7840
12 7841
5568 7842
2185 7843
689 7844
6204 7845
4808 7846
459 7847
9 7848
440 7849
787 7850
2129 7851
706 7852
2306 7853
5700 7854
966 7855
65 7856
5243 7857
2315 7858
879 7859
5781 7860
7371 7861
3627 7862
879 7863
3467 7864
1805 7865
6684 7866
6337 7867
2059 7868
6338 7869
6032 7870
6654 7871
5595 7872
3 7873
3696 7874
1364 7875
6671 7876
6178 7877
5777 7878
2576 7879
186 7880
3627 7881
1067 7882
56 7883
6972 7884
1463 7885
574 7886
2825 7887
4129 7888
615 7889
65 7890
2723 7891
5005 7892
2863 7893
2735 7894
6999 7895
6807 7896
703 7897
397 7898
5834 7899
7650 7900
759 7901
27 7902
2288 7903
133 7904
1945 7905
2588 7906
3275 7907
464 7908
1712 7909
5226 7910
966 7911
4819 7912
19 7913
4858 7914
900 7915
5117 7916
89 7917
2666 7918
4816 7919
976 7920
3774 7921
2634 7922
19 7923
6570 7924
1800 7925
419 7926
291 7927
521 7928
769 7929
253 7930
653 7931
3853 7932
2927 7933
7520 7934
574 7935
4464 7936
4420 7937
2306 7938
2367 7939
1805 7940
224 7941
5236 7942
6670 7943
7504 7944
6662 7945
7618 7946
3190 7947
307 7948
4363 7949
4644 7950
5057 7951
5706 7952
1246 7953
6975 7954
183 7955
639 7956
2634 7957
2488 7958
2894 7959
4874 7960
5595 7961
292 7962
4 7963
310 7964
7483 7965
3551 7966
769 7967
162 7968
3199 7969
5836 7970
228 7971
4628 7972
1993 7973
3872 7974
4811 7975
329 7976
1056 7977
2907 7978
3196 7979
3054 7980
6227 7981
7104 7982
2588 7983
481 7984
15 7985
1742 7986
1077 7987
5170 7988
7223 7989
4652 7990
3897 7991
1492 7992
572 7993
1285 7994
7692 7995
2658 7996
6662 7997
706 7998
186 7999
7748 8000
4463 8001
224 8002
3337 8003
7932 8004
3366 8005
102 8006
3010 8007
1089 8008
863 8009
4674 8010
4638 8011
2196 8012
1364 8013
863 8014
6606 8015
6043 8016
2829 8017
1800 8018
2558 8019
2258 8020
6798 8021
1641 8022
7149 8023
2330 8024
248 8025
22 8026
145 8027
3837 8028
829 8029
186 8030
1076 8031
5388 8032
5703 8033
32 8034
6110 8035
1837 8036
2607 8037
7912 8038
6551 8039
3081 8040
4463 8041
3853 8042
724 8043
658 8044
6056 8045
329 8046
5380 8047
7721 8048
650 8049
2035 8050
2800 8051
3194 8052
7272 8053
21 8054
1628 8055
3367 8056
4629 8057
901 8058
1585 8059
2306 8060
5781 8061
6489 8062
574 8063
6570 8064
4464 8065
360 8066
1384 8067
228 8068
615 8069
6699 8070
804 8071
6975 8072
5982 8073
574 8074
3774 8075
724 8076
970 8077
797 8078
247 8079
324 8080
5777 8081
475 8082
3339 8083
409 8084
4053 8085
3100 8086
763 8087
307 8088
2035 8089
2976 8090
3575 8091
4591 8092
7223 8093
2642 8094
228 8095
6662 8096
3897 8097
5498 8098
400 8099
7906 8100
7438 8101
4544 8102
297 8103
234 8104
331 8105
397 8106
7149 8107
1811 8108
2108 8109
1794 8110
292 8111
5596 8112
24 8113
6641 8114
3311 8115
2272 8116
780 8117
900 8118
199 8119
6260 8120
485 8121
673 8122
1001 8123
550 8124
3967 8125
1476 8126
72 8127
3183 8128
2904 8129
611 8130
5781 8131
3311 8132
653 8133
7482 8134
3992 8135
7873 8136
7 8137
4652 8138
5236 8139
2390 8140
7825 8141
6919 8142
195 8143
7825 8144
1396 8145
3892 8146
4129 8147
2341 8148
1402 8149
3837 8150
2829 8151
966 8152
4597 8153
2033 8154
970 8155
3183 8156
195 8157
812 8158
5222 8159
20 8160
3390 8161
4061 8162
2065 8163
803 8164
5019 8165
1177 8166
2972 8167
6351 8168
10 8169
7661 8170
3110 8171
3768 8172
3842 8173
6308 8174
5019 8175
3818 8176
7612 8177
102 8178
3183 8179
4809 8180
7748 8181
3780 8182
6570 8183
1956 8184
2976 8185
759 8186
96 8187
3841 8188
3841 8189
2634 8190
0 8191
3500 8192
23 8193
5630 8194
2901 8195
6141 8196
5440 8197
3992 8198
5147 8199
8191 8200
837 8201
6236 8202
66 8203
4808 8204
5449 8205
1585 8206
4823 8207
2059 8208
3055 8209
5813 8210
6214 8211
780 8212
4683 8213
2155 8214
3902 8215
3992 8216
23 8217
4852 8218
7834 8219
951 8220
4 8221
673 8222
2576 8223
1506 8224
1238 8225
5568 8226
6871 8227
3872 8228
216 8229
6807 8230
152 8231
763 8232
862 8233
6255 8234
77 8235
29 8236
2544 8237
8 8238
938 8239
6255 8240
24 8241
135 8242
4726 8243
1742 8244
1846 8245
4667 8246
7144 8247
2642 8248
77 8249
4852 8250
113 8251
5982 8252
917 8253
4517 8254
59 8255
5167 8256
3311 8257
4871 8258
6260 8259
2634 8260
1203 8261
611 8262
724 8263
65 8264
511 8265
3366 8266
4544 8267
1174 8268
29 8269
7952 8270
1399 8271
1996 8272
1194 8273
110 8274
1017 8275
4804 8276
2506 8277
2607 8278
532 8279
5778 8280
5147 8281
29 8282
3260 8283
291 8284
5373 8285
1700 8286
4482 8287
5440 8288
234 8289
8037 8290
4327 8291
7149 8292
8030 8293
53 8294
2182 8295
1247 8296
3079 8297
1837 8298
639 8299
1001 8300
6179 8301
4081 8302
2330 8303
5167 8304
21 8305
6906 8306
3446 8307
646 8308
4530 8309
1794 8310
2829 8311
2118 8312
464 8313
7833 8314
4464 8315
7932 8316
5091 8317
5350 8318
7438 8319
966 8320
1194 8321
2617 8322
53 8323
1627 8324
7223 8325
66 8326
7390 8327
248 8328
8278 8329
628 8330
812 8331
689 8332
5167 8333
1415 8334
3582 8335
7873 8336
373 8337
29 8338
6236 8339
189 8340
373 8341
1267 8342
141 8343
4399 8344
4811 8345
847 8346
6919 8347
4159 8348
5222 8349
6710 8350
139 8351
38 8352
4952 8353
4510 8354
4233 8355
3774 8356
2136 8357
2607 8358
6431 8359
307 8360
310 8361
3467 8362
5630 8363
4644 8364
844 8365
763 8366
7454 8367
1837 8368
3081 8369
296 8370
5796 8371
7371 8372
3797 8373
481 8374
6351 8375
5087 8376
7414 8377
1384 8378
5147 8379
2207 8380
7891 8381
601 8382
2288 8383
186 8384
1628 8385
3010 8386
440 8387
918 8388
787 8389
689 8390
1036 8391
4196 8392
759 8393
7390 8394
2315 8395
423 8396
1862 8397
7454 8398
8274 8399
918 8400
2753 8401
6871 8402
4853 8403
7048 8404
19 8405
1247 8406
2787 8407
952 8408
1036 8409
8314 8410
3841 8411
6999 8412
1467 8413
2829 8414
6357 8415
2306 8416
314 8417
195 8418
6640 8419
4129 8420
5388 8421
217 8422
139 8423
4628 8424
8030 8425
2607 8426
273 8427
2180 8428
4433 8429
4236 8430
3918 8431
1396 8432
944 8433
1022 8434
5117 8435
4628 8436
5017 8437
682 8438
5167 8439
667 8440
664 8441
2787 8442
2332 8443
2658 8444
3817 8445
6640 8446
6179 8447
4084 8448
6236 8449
5595 8450
6334 8451
2390 8452
5388 8453
5440 8454
3931 8455
7476 8456
613 8457
363 8458
5980 8459
3561 8460
4 8461
4164 8462
4192 8463
4816 8464
6319 8465
4051 8466
4467 8467
583 8468
631 8469
706 8470
3816 8471
4591 8472
7952 8473
320 8474
5004 8475
470 8476
65 8477
275 8478
2033 8479
18 8480
21 8481
3967 8482
3967 8483
4278 8484
1364 8485
7999 8486
7048 8487
7300 8488
1458 8489
6047 8490
3837 8491
6909 8492
2108 8493
6699 8494
3110 8495
4000 8496
4683 8497
673 8498
76 8499
218 8500
4799 8501
6338 8502
4819 8503
7407 8504
3962 8505
2904 8506
8309 8507
2182 8508
216 8509
5796 8510
79 8511
1399 8512
8309 8513
4510 8514
4826 8515
6807 8516
1430 8517
139 8518
4192 8519
449 8520
4647 8521
5399 8522
6528 8523
6368 8524
768 8525
7963 8526
2723 8527
2315 8528
4826 8529
2068 8530
1036 8531
6611 8532
7223 8533
689 8534
363 8535
6909 8536
1986 8537
746 8538
6780 8539
5117 8540
6248 8541
2272 8542
2129 8543
4467 8544
1152 8545
4871 8546
485 8547
668 8548
3619 8549
599 8550
6711 8551
667 8552
5857 8553
5373 8554
917 8555
2177 8556
4248 8557
5081 8558
716 8559
5510 8560
797 8561
7873 8562
3960 8563
4826 8564
664 8565
7730 8566
8481 8567
19 8568
7906 8569
2068 8570
8274 8571
4985 8572
616 8573
4420 8574
2306 8575
2527 8576
7144 8577
617 8578
2051 8579
3446 8580
2322 8581
6357 8582
6357 8583
1147 8584
5544 8585
2571 8586
3190 8587
1476 8588
7515 8589
2653 8590
4647 8591
2059 8592
6824 8593
1973 8594
6652 8595
7825 8596
47 8597
1840 8598
4464 8599
0 8600
6975 8601
8 8602
59 8603
7487 8604
494 8605
5631 8606
6248 8607
6214 8608
938 8609
1467 8610
3867 8611
3892 8612
4061 8613
183 8614
8337 8615
8084 8616
8278 8617
1247 8618
532 8619
135 8620
1458 8621
5415 8622
2554 8623
6032 8624
8067 8625
3500 8626
281 8627
2863 8628
2207 8629
4985 8630
4463 8631
3208 8632
2108 8633
5798 8634
1056 8635
2227 8636
5982 8637
2155 8638
11 8639
1862 8640
447 8641
3233 8642
1415 8643
7504 8644
7077 8645
5202 8646
2129 8647
1403 8648
32 8649
666 8650
4809 8651
2413 8652
6611 8653
6637 8654
2825 8655
2367 8656
4467 8657
2227 8658
4709 8659
72 8660
5296 8661
6460 8662
273 8663
7476 8664
863 8665
7476 8666
3260 8667
2901 8668
6336 8669
52 8670
769 8671
110 8672
1604 8673
10 8674
3390 8675
280 8676
4507 8677
6351 8678
5415 8679
5296 8680
4860 8681
4829 8682
7607 8683
3667 8684
4501 8685
1862 8686
6227 8687
6400 8688
4879 8689
2972 8690
7891 8691
4507 8692
4683 8693
3457 8694
6866 8695
135 8696
7390 8697
2288 8698
253 8699
8042 8700
1307 8701
6780 8702
5567 8703
459 8704
4871 8705
7776 8706
8278 8707
5498 8708
1993 8709
7502 8710
5728 8711
5440 8712
3394 8713
6880 8714
431 8715
2554 8716
6975 8717
1261 8718
938 8719
6832 8720
628 8721
135 8722
0 8723
900 8724
1076 8725
650 8726
216 8727
1395 8728
666 8729
59 8730
3021 8731
8022 8732
296 8733
3561 8734
4647 8735
8305 8736
8591 8737
6 8738
6551 8739
682 8740
3667 8741
900 8742
1399 8743
1805 8744
8440 8745
3546 8746
7390 8747
7 8748
4853 8749
1267 8750
3797 8751
699 8752
4159 8753
4852 8754
6043 8755
4501 8756
2322 8757
8591 8758
602 8759
8305 8760
4860 8761
1805 8762
579 8763
1654 8764
7753 8765
6333 8766
1434 8767
639 8768
3582 8769
4084 8770
4420 8771
7131 8772
1364 8773
7873 8774
7730 8775
20 8776
7454 8777
8431 8778
1961 8779
6357 8780
199 8781
1261 8782
174 8783
253 8784
4279 8785
162 8786
3296 8787
5798 8788
951 8789
1862 8790
2330 8791
2829 8792
780 8793
4517 8794
6227 8795
292 8796
402 8797
3740 8798
511 8799
3134 8800
3992 8801
8097 8802
6778 8803
7272 8804
7898 8805
3208 8806
8067 8807
7476 8808
6640 8809
2617 8810
896 8811
1973 8812
3992 8813
4728 8814
8410 8815
2330 8816
8042 8817
1523 8818
8084 8819
4816 8820
8305 8821
4705 8822
7371 8823
1115 8824
6710 8825
3457 8826
3214 8827
4084 8828
270 8829
631 8830
2897 8831
363 8832
2057 8833
8314 8834
6250 8835
485 8836
1811 8837
79 8838
872 8839
3131 8840
1523 8841
2927 8842
6368 8843
3260 8844
5350 8845
2118 8846
7606 8847
628 8848
431 8849
6090 8850
3983 8851
4278 8852
4826 8853
21 8854
8853 8855
5706 8856
5013 8857
475 8858
653 8859
24 8860
402 8861
797 8862
3816 8863
896 8864
8341 8865
4900 8866
58 8867
1627 8868
3311 8869
4180 8870
7985 8871
4597 8872
674 8873
446 8874
320 8875
4709 8876
803 8877
96 8878
1654 8879
1329 8880
3988 8881
1147 8882
481 8883
6640 8884
1124 8885
2059 8886
8856 8887
7272 8888
111 8889
0 8890
247 8891
228 8892
0 8893
6431 8894
366 8895
5700 8896
4852 8897
1800 8898
5778 8899
7606 8900
5209 8901
3246 8902
4952 8903
1396 8904
5796 8905
1542 8906
524 8907
7520 8908
5911 8909
611 8910
1396 8911
3110 8912
4805 8913
4810 8914
667 8915
5544 8916
1649 8917
7 8918
5510 8919
475 8920
218 8921
3260 8922
59 8923
8042 8924
3081 8925
7144 8926
7906 8927
674 8928
2938 8929
673 8930
470 8931
46 8932
4809 8933
3561 8934
8686 8935
4156 8936
6880 8937
2976 8938
5209 8939
7612 8940
2035 8941
4808 8942
5703 8943
6479 8944
5686 8945
4463 8946
613 8947
3842 8948
4952 8949
1115 8950
4173 8951
2787 8952
6236 8953
8440 8954
6338 8955
8906 8956
2007 8957
706 8958
2367 8959
7230 8960
7077 8961
8856 8962
763 8963
4649 8964
2035 8965
8221 8966
3070 8967
6866 8968
673 8969
4361 8970
2620 8971
5222 8972
6807 8973
2945 8974
6535 8975
5689 8976
4423 8977
6975 8978
3863 8979
2800 8980
1417 8981
3559 8982
628 8983
5857 8984
174 8985
195 8986
2506 8987
667 8988
7170 8989
7800 8990
7873 8991
7005 8992
135 8993
1649 8994
2288 8995
5226 8996
423 8997
4500 8998
4811 8999
4667 9000
5568 9001
849 9002
5595 9003
1607 9004
3029 9005
8084 9006
5147 9007
613 9008
4952 9009
5794 9010
4161 9011
4591 9012
1641 9013
8735 9014
97 9015
4644 9016
4655 9017
6479 9018
5567 9019
4248 9020
2642 9021
1022 9022
1993 9023
2345 9024
8735 9025
952 9026
4805 9027
4018 9028
3104 9029
7223 9030
4805 9031
4500 9032
1417 9033
6141 9034
2315 9035
3918 9036
5440 9037
8481 9038
2617 9039
6551 9040
5105 9041
2753 9042
6670 9043
4051 9044
7812 9045
2863 9046
8874 9047
2927 9048
6778 9049
1277 9050
4507 9051
6930 9052
837 9053
6500 9054
6712 9055
4823 9056
423 9057
3079 9058
5263 9059
2625 9060
4644 9061
6710 9062
7170 9063
1598 9064
769 9065
2897 9066
440 9067
3366 9068
6 9069
2059 9070
503 9071
769 9072
4279 9073
415 9074
6489 9075
3667 9076
203 9077
601 9078
7438 9079
1650 9080
1115 9081
1641 9082
516 9083
5980 9084
397 9085
8431 9086
8890 9087
1329 9088
5911 9089
8378 9090
1434 9091
329 9092
1712 9093
7370 9094
97 9095
124 9096
1089 9097
2800 9098
6248 9099
1477 9100
4053 9101
1712 9102
3740 9103
4517 9104
2965 9105
7502 9106
7574 9107
2057 9108
4196 9109
5005 9110
8591 9111
1096 9112
3992 9113
7396 9114
2865 9115
8854 9116
4361 9117
3196 9118
8874 9119
6880 9120
6562 9121
1277 9122
5091 9123
133 9124
1267 9125
9069 9126
8890 9127
440 9128
6125 9129
446 9130
4464 9131
4923 9132
133 9133
6141 9134
2108 9135
187 9136
390 9137
6832 9138
1001 9139
862 9140
1095 9141
668 9142
8022 9143
8672 9144
1586 9145
6479 9146
216 9147
2007 9148
415 9149
2474 9150
5686 9151
446 9152
106 9153
2832 9154
4214 9155
5980 9156
944 9157
2177 9158
4629 9159
8337 9160
7189 9161
2185 9162
8521 9163
8761 9164
415 9165
9024 9166
8080 9167
724 9168
4084 9169
5222 9170
6032 9171
5777 9172
128 9173
363 9174
2075 9175
4423 9176
1742 9177
300 9178
985 9179
1477 9180
2033 9181
3841 9182
7483 9183
966 9184
689 9185
0 9186
9041 9187
281 9188
2666 9189
8384 9190
914 9191
3892 9192
29 9193
706 9194
6431 9195
4501 9196
3817 9197
0 9198
8067 9199
280 9200
4196 9201
2185 9202
4868 9203
6333 9204
280 9205
9 9206
110 9207
6975 9208
281 9209
49 9210
1430 9211
6654 9212
3134 9213
3900 9214
3627 9215
2306 9216
97 9217
3131 9218
7292 9219
3559 9220
1364 9221
5399 9222
4819 9223
1749 9224
7504 9225
7891 9226
5236 9227
6641 9228
1147 9229
24 9230
706 9231
3208 9232
2829 9233
4923 9234
4492 9235
3647 9236
628 9237
3 9238
8988 9239
423 9240
5790 9241
1077 9242
8918 9243
798 9244
3318 9245
6712 9246
499 9247
2735 9248
3551 9249
9013 9250
985 9251
3457 9252
8054 9253
6606 9254
5796 9255
195 9256
658 9257
423 9258
5533 9259
689 9260
225 9261
8829 9262
8461 9263
1022 9264
6961 9265
3551 9266
1267 9267
3872 9268
3070 9269
2735 9270
5005 9271
7144 9272
1607 9273
5911 9274
8233 9275
1956 9276
5686 9277
5440 9278
667 9279
1956 9280
1247 9281
3354 9282
3104 9283
6662 9284
110 9285
613 9286
2800 9287
2904 9288
128 9289
1261 9290
1224 9291
4879 9292
4129 9293
15 9294
5415 9295
113 9296
1650 9297
4985 9298
5081 9299
7991 9300
2976 9301
6710 9302
6832 9303
4587 9304
1395 9305
863 9306
8640 9307
8748 9308
2865 9309
29 9310
7880 9311
5813 9312
79 9313
689 9314
4279 9315
7730 9316
1993 9317
6 9318
1986 9319
5836 9320
1056 9321
7 9322
5 9323
2735 9324
1542 9325
216 9326
8410 9327
5700 9328
3131 9329
2182 9330
4826 9331
2546 9332
2825 9333
3 9334
275 9335
5005 9336
8890 9337
798 9338
8761 9339
4811 9340
550 9341
2829 9342
270 9343
7912 9344
2315 9345
550 9346
228 9347
1585 9348
5017 9349
5373 9350
797 9351
787 9352
601 9353
8529 9354
5630 9355
209 9356
5857 9357
7407 9358
494 9359
1343 9360
6500 9361
2787 9362
1973 9363
6975 9364
7624 9365
616 9366
3208 9367
4053 9368
7632 9369
3619 9370
716 9371
423 9372
6776 9373
9207 9374
3818 9375
3335 9376
769 9377
4544 9378
5091 9379
5057 9380
608 9381
6535 9382
4178 9383
5706 9384
2033 9385
7482 9386
487 9387
5057 9388
2723 9389
4852 9390
583 9391
985 9392
5057 9393
981 9394
6662 9395
6670 9396
139 9397
2588 9398
7838 9399
7898 9400
218 9401
4504 9402
1628 9403
3081 9404
6930 9405
6032 9406
1038 9407
6141 9408
8054 9409
4129 9410
390 9411
7753 9412
6522 9413
2863 9414
1018 9415
6285 9416
7748 9417
7455 9418
6489 9419
3079 9420
7991 9421
4223 9422
6906 9423
455 9424
7482 9425
4156 9426
1542 9427
6337 9428
4530 9429
3551 9430
2129 9431
1523 9432
5415 9433
95 9434
4517 9435
1701 9436
4810 9437
3960 9438
6460 9439
1993 9440
4363 9441
7607 9442
847 9443
2024 9444
224 9445
1247 9446
58 9447
4145 9448
524 9449
673 9450
9152 9451
5296 9452
6500 9453
447 9454
611 9455
7272 9456
5296 9457
2642 9458
6880 9459
5911 9460
1742 9461
7692 9462
5222 9463
5689 9464
4655 9465
2411 9466
8551 9467
3284 9468
5655 9469
9238 9470
8723 9471
7077 9472
234 9473
6551 9474
7825 9475
1956 9476
4697 9477
7753 9478
9285 9479
2666 9480
5080 9481
270 9482
139 9483
3081 9484
133 9485
6011 9486
4129 9487
1627 9488
5091 9489
628 9490
862 9491
2901 9492
9082 9493
646 9494
3467 9495
524 9496
6356 9497
2800 9498
1857 9499
7048 9500
2723 9501
124 9502
5655 9503
1267 9504
918 9505
21 9506
5123 9507
1857 9508
5595 9509
574 9510
234 9511
2825 9512
6662 9513
1177 9514
53 9515
3467 9516
5110 9517
2945 9518
3780 9519
6179 9520
8022 9521
6250 9522
938 9523
2666 9524
5005 9525
4092 9526
628 9527
6711 9528
5778 9529
3366 9530
865 9531
2207 9532
5057 9533
3918 9534
6338 9535
3897 9536
4705 9537
2938 9538
6509 9539
6961 9540
5415 9541
9283 9542
4517 9543
5781 9544
9223 9545
1001 9546
1628 9547
1477 9548
1628 9549
2746 9550
3816 9551
3190 9552
360 9553
5091 9554
162 9555
5174 9556
431 9557
7845 9558
863 9559
1125 9560
4705 9561
765 9562
4697 9563
4248 9564
613 9565
446 9566
2832 9567
7476 9568
115 9569
3774 9570
7104 9571
6776 9572
4273 9573
6798 9574
76 9575
4860 9576
6832 9577
102 9578
780 9579
4652 9580
9506 9581
183 9582
759 9583
6975 9584
1125 9585
195 9586
3446 9587
8891 9588
4145 9589
3967 9590
2735 9591
4464 9592
289 9593
6906 9594
2901 9595
89 9596
7 9597
1633 9598
4180 9599
4333 9600
1945 9601
310 9602
7476 9603
6930 9604
3104 9605
1596 9606
3667 9607
5796 9608
7753 9609
2966 9610
7812 9611
952 9612
8461 9613
8815 9614
6640 9615
6824 9616
485 9617
9117 9618
2945 9619
1712 9620
7146 9621
2800 9622
1095 9623
6540 9624
9325 9625
2576 9626
5686 9627
6423 9628
837 9629
1641 9630
1329 9631
769 9632
4178 9633
10 9634
2129 9635
152 9636
72 9637
3246 9638
689 9639
1402 9640
8738 9641
3467 9642
7515 9643
8461 9644
706 9645
7825 9646
1376 9647
6776 9648
1506 9649
849 9650
449 9651
79 9652
6798 9653
9 9654
7991 9655
970 9656
2332 9657
6640 9658
6125 9659
8521 9660
9285 9661
7692 9662
613 9663
2527 9664
4697 9665
1417 9666
4809 9667
7077 9668
0 9669
6570 9670
865 9671
499 9672
1811 9673
1846 9674
10 9675
646 9676
1430 9677
133 9678
1152 9679
1017 9680
7476 9681
8672 9682
703 9683
8874 9684
4196 9685
4638 9686
247 9687
2082 9688
9536 9689
8481 9690
3183 9691
1125 9692
9323 9693
7873 9694
1036 9695
4667 9696
667 9697
7680 9698
7487 9699
275 9700
4092 9701
689 9702
541 9703
475 9704
6807 9705
27 9706
8853 9707
310 9708
6431 9709
981 9710
72 9711
5857 9712
3627 9713
23 9714
2057 9715
18 9716
3134 9717
3390 9718
6654 9719
1749 9720
6972 9721
1476 9722
4683 9723
3 9724
9238 9725
5095 9726
2588 9727
297 9728
2051 9729
5156 9730
628 9731
1247 9732
4018 9733
4652 9734
39 9735
4236 9736
9529 9737
89 9738
9294 9739
631 9740
5595 9741
187 9742
847 9743
2544 9744
1749 9745
2787 9746
6357 9747
1596 9748
6540 9749
8410 9750
4652 9751
5794 9752
8503 9753
2322 9754
5857 9755
446 9756
9325 9757
4530 9758
4084 9759
4829 9760
270 9761
8080 9762
605 9763
1343 9764
1040 9765
9130 9766
6909 9767
797 9768
7776 9769
5004 9770
4809 9771
7624 9772
3318 9773
225 9774
7407 9775
2617 9776
9041 9777
1018 9778
918 9779
9223 9780
4464 9781
4164 9782
1598 9783
2658 9784
9536 9785
9207 9786
6236 9787
4805 9788
79 9789
7606 9790
4788 9791
1384 9792
8106 9793
1096 9794
516 9795
9429 9796
8893 9797
6489 9798
8738 9799
102 9800
2723 9801
2653 9802
3667 9803
1152 9804
6489 9805
2367 9806
8397 9807
1307 9808
7928 9809
957 9810
3575 9811
29 9812
4649 9813
5415 9814
8889 9815
2180 9816
1219 9817
4517 9818
4804 9819
2875 9820
9334 9821
5017 9822
6260 9823
567 9824
631 9825
3988 9826
646 9827
2345 9828
9041 9829
9186 9830
9140 9831
689 9832
8856 9833
8906 9834
4871 9835
2180 9836
6460 9837
668 9838
9761 9839
3954 9840
8723 9841
474 9842
97 9843
5156 9844
4178 9845
141 9846
4674 9847
2341 9848
1428 9849
8280 9850
2075 9851
52 9852
39 9853
3842 9854
3079 9855
727 9856
3367 9857
869 9858
3366 9859
8137 9860
1384 9861
9283 9862
446 9863
7483 9864
2863 9865
7812 9866
3354 9867
113 9868
6684 9869
44 9870
4084 9871
565 9872
6227 9873
4753 9874
4223 9875
8097 9876
7390 9877
5836 9878
228 9879
79 9880
2576 9881
203 9882
3990 9883
5209 9884
9 9885
4647 9886
1376 9887
3379 9888
4640 9889
5174 9890
3768 9891
4214 9892
3196 9893
225 9894
1430 9895
4420 9896
8503 9897
8529 9898
4923 9899
296 9900
8738 9901
2345 9902
3841 9903
3367 9904
4517 9905
9294 9906
4233 9907
2800 9908
4178 9909
765 9910
7414 9911
2800 9912
1986 9913
5439 9914
17 9915
8552 9916
6056 9917
602 9918
8735 9919
574 9920
2829 9921
7048 9922
7407 9923
1364 9924
3768 9925
2345 9926
703 9927
12 9928
9 9929
9161 9930
9724 9931
8761 9932
917 9933
862 9934
4829 9935
97 9936
9294 9937
7454 9938
3853 9939
2118 9940
4826 9941
1417 9942
3246 9943
8397 9944
4853 9945
1096 9946
837 9947
6056 9948
2330 9949
3990 9950
4853 9951
6798 9952
3208 9953
8891 9954
5440 9955
4808 9956
2571 9957
8084 9958
6662 9959
7215 9960
7292 9961
602 9962
6684 9963
3337 9964
3081 9965
8600 9966
324 9967
3841 9968
4811 9969
664 9970
1614 9971
6606 9972
7455 9973
6423 9974
2413 9975
628 9976
5415 9977
3967 9978
6032 9979
4879 9980
4092 9981
183 9982
6090 9983
7912 9984
2185 9985
5110 9986
6778 9987
2634 9988
8384 9989
162 9990
3090 9991
1752 9992
7741 9993
7371 9994
3988 9995
3582 9996
2571 9997
3960 9998
3918 9999
6909 10000
