5002
0 1
0 2
0 3
4 5
4 6
4 7
8 9
8 10
8 11
1 5
5 9
3 7
2 6
6 10
7 11
12 13
12 14
12 15
9 13
11 15
10 14
16 17
16 18
16 19
13 17
15 19
14 18
20 21
20 22
20 23
17 21
19 23
18 22
24 25
24 26
24 27
21 25
23 27
22 26
28 29
28 30
28 31
25 29
27 31
26 30
32 33
32 34
32 35
29 33
31 35
30 34
36 37
36 38
36 39
33 37
35 39
34 38
40 41
40 42
40 43
37 41
39 43
38 42
44 45
44 46
44 47
41 45
43 47
42 46
48 49
48 50
48 51
45 49
47 51
46 50
52 53
52 54
52 55
49 53
51 55
50 54
56 57
56 58
56 59
53 57
55 59
54 58
60 61
60 62
60 63
57 61
59 63
58 62
64 65
64 66
64 67
61 65
63 67
62 66
68 69
68 70
68 71
65 69
67 71
66 70
72 73
72 74
72 75
69 73
71 75
70 74
76 77
76 78
76 79
73 77
75 79
74 78
80 81
80 82
80 83
77 81
79 83
78 82
84 85
84 86
84 87
81 85
83 87
82 86
88 89
88 90
88 91
85 89
87 91
86 90
92 93
92 94
92 95
89 93
91 95
90 94
96 97
96 98
96 99
93 97
95 99
94 98
100 101
100 102
100 103
97 101
99 103
98 102
104 105
104 106
104 107
101 105
103 107
102 106
108 109
108 110
108 111
105 109
107 111
106 110
112 113
112 114
112 115
109 113
111 115
110 114
116 117
116 118
116 119
113 117
115 119
114 118
120 121
120 122
120 123
117 121
119 123
118 122
124 125
124 126
124 127
121 125
123 127
122 126
128 129
128 130
128 131
125 129
127 131
126 130
132 133
132 134
132 135
129 133
131 135
130 134
136 137
136 138
136 139
133 137
135 139
134 138
140 141
140 142
140 143
137 141
139 143
138 142
144 145
144 146
144 147
141 145
143 147
142 146
148 149
148 150
148 151
145 149
147 151
146 150
152 153
152 154
152 155
149 153
151 155
150 154
156 157
156 158
156 159
153 157
155 159
154 158
160 161
160 162
160 163
157 161
159 163
158 162
164 165
164 166
164 167
161 165
163 167
162 166
168 169
168 170
168 171
165 169
167 171
166 170
172 173
172 174
172 175
169 173
171 175
170 174
176 177
176 178
176 179
173 177
175 179
174 178
180 181
180 182
180 183
177 181
179 183
178 182
184 185
184 186
184 187
181 185
183 187
182 186
188 189
188 190
188 191
185 189
187 191
186 190
192 193
192 194
192 195
189 193
191 195
190 194
196 197
196 198
196 199
193 197
195 199
194 198
200 201
200 202
200 203
197 201
199 203
198 202
204 205
204 206
204 207
201 205
203 207
202 206
208 209
208 210
208 211
205 209
207 211
206 210
212 213
212 214
212 215
209 213
211 215
210 214
216 217
216 218
216 219
213 217
215 219
214 218
220 221
220 222
220 223
217 221
219 223
218 222
224 225
224 226
224 227
221 225
223 227
222 226
228 229
228 230
228 231
225 229
227 231
226 230
232 233
232 234
232 235
229 233
231 235
230 234
236 237
236 238
236 239
233 237
235 239
234 238
240 241
240 242
240 243
237 241
239 243
238 242
244 245
244 246
244 247
241 245
243 247
242 246
248 249
248 250
248 251
245 249
247 251
246 250
252 253
252 254
252 255
249 253
251 255
250 254
256 257
256 258
256 259
253 257
255 259
254 258
260 261
260 262
260 263
257 261
259 263
258 262
264 265
264 266
264 267
261 265
263 267
262 266
268 269
268 270
268 271
265 269
267 271
266 270
272 273
272 274
272 275
269 273
271 275
270 274
276 277
276 278
276 279
273 277
275 279
274 278
280 281
280 282
280 283
277 281
279 283
278 282
284 285
284 286
284 287
281 285
283 287
282 286
288 289
288 290
288 291
285 289
287 291
286 290
292 293
292 294
292 295
289 293
291 295
290 294
296 297
296 298
296 299
293 297
295 299
294 298
300 301
300 302
300 303
297 301
299 303
298 302
304 305
304 306
304 307
301 305
303 307
302 306
308 309
308 310
308 311
305 309
307 311
306 310
312 313
312 314
312 315
309 313
311 315
310 314
316 317
316 318
316 319
313 317
315 319
314 318
320 321
320 322
320 323
317 321
319 323
318 322
324 325
324 326
324 327
321 325
323 327
322 326
328 329
328 330
328 331
325 329
327 331
326 330
332 333
332 334
332 335
329 333
331 335
330 334
336 337
336 338
336 339
333 337
335 339
334 338
340 341
340 342
340 343
337 341
339 343
338 342
344 345
344 346
344 347
341 345
343 347
342 346
348 349
348 350
348 351
345 349
347 351
346 350
352 353
352 354
352 355
349 353
351 355
350 354
356 357
356 358
356 359
353 357
355 359
354 358
360 361
360 362
360 363
357 361
359 363
358 362
364 365
364 366
364 367
361 365
363 367
362 366
368 369
368 370
368 371
365 369
367 371
366 370
372 373
372 374
372 375
369 373
371 375
370 374
376 377
376 378
376 379
373 377
375 379
374 378
380 381
380 382
380 383
377 381
379 383
378 382
384 385
384 386
384 387
381 385
383 387
382 386
388 389
388 390
388 391
385 389
387 391
386 390
392 393
392 394
392 395
389 393
391 395
390 394
396 397
396 398
396 399
393 397
395 399
394 398
400 401
400 402
400 403
397 401
399 403
398 402
404 405
404 406
404 407
401 405
403 407
402 406
408 409
408 410
408 411
405 409
407 411
406 410
412 413
412 414
412 415
409 413
411 415
410 414
416 417
416 418
416 419
413 417
415 419
414 418
420 421
420 422
420 423
417 421
419 423
418 422
424 425
424 426
424 427
421 425
423 427
422 426
428 429
428 430
428 431
425 429
427 431
426 430
432 433
432 434
432 435
429 433
431 435
430 434
436 437
436 438
436 439
433 437
435 439
434 438
440 441
440 442
440 443
437 441
439 443
438 442
444 445
444 446
444 447
441 445
443 447
442 446
448 449
448 450
448 451
445 449
447 451
446 450
452 453
452 454
452 455
449 453
451 455
450 454
456 457
456 458
456 459
453 457
455 459
454 458
460 461
460 462
460 463
457 461
459 463
458 462
464 465
464 466
464 467
461 465
463 467
462 466
468 469
468 470
468 471
465 469
467 471
466 470
472 473
472 474
472 475
469 473
471 475
470 474
476 477
476 478
476 479
473 477
475 479
474 478
480 481
480 482
480 483
477 481
479 483
478 482
484 485
484 486
484 487
481 485
483 487
482 486
488 489
488 490
488 491
485 489
487 491
486 490
492 493
492 494
492 495
489 493
491 495
490 494
496 497
496 498
496 499
493 497
495 499
494 498
500 501
500 502
500 503
497 501
499 503
498 502
504 505
504 506
504 507
501 505
503 507
502 506
508 509
508 510
508 511
505 509
507 511
506 510
512 513
512 514
512 515
509 513
511 515
510 514
516 517
516 518
516 519
513 517
515 519
514 518
520 521
520 522
520 523
517 521
519 523
518 522
524 525
524 526
524 527
521 525
523 527
522 526
528 529
528 530
528 531
525 529
527 531
526 530
532 533
532 534
532 535
529 533
531 535
530 534
536 537
536 538
536 539
533 537
535 539
534 538
540 541
540 542
540 543
537 541
539 543
538 542
544 545
544 546
544 547
541 545
543 547
542 546
548 549
548 550
548 551
545 549
547 551
546 550
552 553
552 554
552 555
549 553
551 555
550 554
556 557
556 558
556 559
553 557
555 559
554 558
560 561
560 562
560 563
557 561
559 563
558 562
564 565
564 566
564 567
561 565
563 567
562 566
568 569
568 570
568 571
565 569
567 571
566 570
572 573
572 574
572 575
569 573
571 575
570 574
576 577
576 578
576 579
573 577
575 579
574 578
580 581
580 582
580 583
577 581
579 583
578 582
584 585
584 586
584 587
581 585
583 587
582 586
588 589
588 590
588 591
585 589
587 591
586 590
592 593
592 594
592 595
589 593
591 595
590 594
596 597
596 598
596 599
593 597
595 599
594 598
600 601
600 602
600 603
597 601
599 603
598 602
604 605
604 606
604 607
601 605
603 607
602 606
608 609
608 610
608 611
605 609
607 611
606 610
612 613
612 614
612 615
609 613
611 615
610 614
616 617
616 618
616 619
613 617
615 619
614 618
620 621
620 622
620 623
617 621
619 623
618 622
624 625
624 626
624 627
621 625
623 627
622 626
628 629
628 630
628 631
625 629
627 631
626 630
632 633
632 634
632 635
629 633
631 635
630 634
636 637
636 638
636 639
633 637
635 639
634 638
640 641
640 642
640 643
637 641
639 643
638 642
644 645
644 646
644 647
641 645
643 647
642 646
648 649
648 650
648 651
645 649
647 651
646 650
652 653
652 654
652 655
649 653
651 655
650 654
656 657
656 658
656 659
653 657
655 659
654 658
660 661
660 662
660 663
657 661
659 663
658 662
664 665
664 666
664 667
661 665
663 667
662 666
668 669
668 670
668 671
665 669
667 671
666 670
672 673
672 674
672 675
669 673
671 675
670 674
676 677
676 678
676 679
673 677
675 679
674 678
680 681
680 682
680 683
677 681
679 683
678 682
684 685
684 686
684 687
681 685
683 687
682 686
688 689
688 690
688 691
685 689
687 691
686 690
692 693
692 694
692 695
689 693
691 695
690 694
696 697
696 698
696 699
693 697
695 699
694 698
700 701
700 702
700 703
697 701
699 703
698 702
704 705
704 706
704 707
701 705
703 707
702 706
708 709
708 710
708 711
705 709
707 711
706 710
712 713
712 714
712 715
709 713
711 715
710 714
716 717
716 718
716 719
713 717
715 719
714 718
720 721
720 722
720 723
717 721
719 723
718 722
724 725
724 726
724 727
721 725
723 727
722 726
728 729
728 730
728 731
725 729
727 731
726 730
732 733
732 734
732 735
729 733
731 735
730 734
736 737
736 738
736 739
733 737
735 739
734 738
740 741
740 742
740 743
737 741
739 743
738 742
744 745
744 746
744 747
741 745
743 747
742 746
748 749
748 750
748 751
745 749
747 751
746 750
752 753
752 754
752 755
749 753
751 755
750 754
756 757
756 758
756 759
753 757
755 759
754 758
760 761
760 762
760 763
757 761
759 763
758 762
764 765
764 766
764 767
761 765
763 767
762 766
768 769
768 770
768 771
765 769
767 771
766 770
772 773
772 774
772 775
769 773
771 775
770 774
776 777
776 778
776 779
773 777
775 779
774 778
780 781
780 782
780 783
777 781
779 783
778 782
784 785
784 786
784 787
781 785
783 787
782 786
788 789
788 790
788 791
785 789
787 791
786 790
792 793
792 794
792 795
789 793
791 795
790 794
796 797
796 798
796 799
793 797
795 799
794 798
800 801
800 802
800 803
797 801
799 803
798 802
804 805
804 806
804 807
801 805
803 807
802 806
808 809
808 810
808 811
805 809
807 811
806 810
812 813
812 814
812 815
809 813
811 815
810 814
816 817
816 818
816 819
813 817
815 819
814 818
820 821
820 822
820 823
817 821
819 823
818 822
824 825
824 826
824 827
821 825
823 827
822 826
828 829
828 830
828 831
825 829
827 831
826 830
832 833
832 834
832 835
829 833
831 835
830 834
836 837
836 838
836 839
833 837
835 839
834 838
840 841
840 842
840 843
837 841
839 843
838 842
844 845
844 846
844 847
841 845
843 847
842 846
848 849
848 850
848 851
845 849
847 851
846 850
852 853
852 854
852 855
849 853
851 855
850 854
856 857
856 858
856 859
853 857
855 859
854 858
860 861
860 862
860 863
857 861
859 863
858 862
864 865
864 866
864 867
861 865
863 867
862 866
868 869
868 870
868 871
865 869
867 871
866 870
872 873
872 874
872 875
869 873
871 875
870 874
876 877
876 878
876 879
873 877
875 879
874 878
880 881
880 882
880 883
877 881
879 883
878 882
884 885
884 886
884 887
881 885
883 887
882 886
888 889
888 890
888 891
885 889
887 891
886 890
892 893
892 894
892 895
889 893
891 895
890 894
896 897
896 898
896 899
893 897
895 899
894 898
900 901
900 902
900 903
897 901
899 903
898 902
904 905
904 906
904 907
901 905
903 907
902 906
908 909
908 910
908 911
905 909
907 911
906 910
912 913
912 914
912 915
909 913
911 915
910 914
916 917
916 918
916 919
913 917
915 919
914 918
920 921
920 922
920 923
917 921
919 923
918 922
924 925
924 926
924 927
921 925
923 927
922 926
928 929
928 930
928 931
925 929
927 931
926 930
932 933
932 934
932 935
929 933
931 935
930 934
936 937
936 938
936 939
933 937
935 939
934 938
940 941
940 942
940 943
937 941
939 943
938 942
944 945
944 946
944 947
941 945
943 947
942 946
948 949
948 950
948 951
945 949
947 951
946 950
952 953
952 954
952 955
949 953
951 955
950 954
956 957
956 958
956 959
953 957
955 959
954 958
960 961
960 962
960 963
957 961
959 963
958 962
964 965
964 966
964 967
961 965
963 967
962 966
968 969
968 970
968 971
965 969
967 971
966 970
972 973
972 974
972 975
969 973
971 975
970 974
976 977
976 978
976 979
973 977
975 979
974 978
980 981
980 982
980 983
977 981
979 983
978 982
984 985
984 986
984 987
981 985
983 987
982 986
988 989
988 990
988 991
985 989
987 991
986 990
992 993
992 994
992 995
989 993
991 995
990 994
996 997
996 998
996 999
993 997
995 999
994 998
1000 1001
1000 1002
1000 1003
997 1001
999 1003
998 1002
1004 1005
1004 1006
1004 1007
1001 1005
1003 1007
1002 1006
1008 1009
1008 1010
1008 1011
1005 1009
1007 1011
1006 1010
1012 1013
1012 1014
1012 1015
1009 1013
1011 1015
1010 1014
1016 1017
1016 1018
1016 1019
1013 1017
1015 1019
1014 1018
1020 1021
1020 1022
1020 1023
1017 1021
1019 1023
1018 1022
1024 1025
1024 1026
1024 1027
1021 1025
1023 1027
1022 1026
1028 1029
1028 1030
1028 1031
1025 1029
1027 1031
1026 1030
1032 1033
1032 1034
1032 1035
1029 1033
1031 1035
1030 1034
1036 1037
1036 1038
1036 1039
1033 1037
1035 1039
1034 1038
1040 1041
1040 1042
1040 1043
1037 1041
1039 1043
1038 1042
1044 1045
1044 1046
1044 1047
1041 1045
1043 1047
1042 1046
1048 1049
1048 1050
1048 1051
1045 1049
1047 1051
1046 1050
1052 1053
1052 1054
1052 1055
1049 1053
1051 1055
1050 1054
1056 1057
1056 1058
1056 1059
1053 1057
1055 1059
1054 1058
1060 1061
1060 1062
1060 1063
1057 1061
1059 1063
1058 1062
1064 1065
1064 1066
1064 1067
1061 1065
1063 1067
1062 1066
1068 1069
1068 1070
1068 1071
1065 1069
1067 1071
1066 1070
1072 1073
1072 1074
1072 1075
1069 1073
1071 1075
1070 1074
1076 1077
1076 1078
1076 1079
1073 1077
1075 1079
1074 1078
1080 1081
1080 1082
1080 1083
1077 1081
1079 1083
1078 1082
1084 1085
1084 1086
1084 1087
1081 1085
1083 1087
1082 1086
1088 1089
1088 1090
1088 1091
1085 1089
1087 1091
1086 1090
1092 1093
1092 1094
1092 1095
1089 1093
1091 1095
1090 1094
1096 1097
1096 1098
1096 1099
1093 1097
1095 1099
1094 1098
1100 1101
1100 1102
1100 1103
1097 1101
1099 1103
1098 1102
1104 1105
1104 1106
1104 1107
1101 1105
1103 1107
1102 1106
1108 1109
1108 1110
1108 1111
1105 1109
1107 1111
1106 1110
1112 1113
1112 1114
1112 1115
1109 1113
1111 1115
1110 1114
1116 1117
1116 1118
1116 1119
1113 1117
1115 1119
1114 1118
1120 1121
1120 1122
1120 1123
1117 1121
1119 1123
1118 1122
1124 1125
1124 1126
1124 1127
1121 1125
1123 1127
1122 1126
1128 1129
1128 1130
1128 1131
1125 1129
1127 1131
1126 1130
1132 1133
1132 1134
1132 1135
1129 1133
1131 1135
1130 1134
1136 1137
1136 1138
1136 1139
1133 1137
1135 1139
1134 1138
1140 1141
1140 1142
1140 1143
1137 1141
1139 1143
1138 1142
1144 1145
1144 1146
1144 1147
1141 1145
1143 1147
1142 1146
1148 1149
1148 1150
1148 1151
1145 1149
1147 1151
1146 1150
1152 1153
1152 1154
1152 1155
1149 1153
1151 1155
1150 1154
1156 1157
1156 1158
1156 1159
1153 1157
1155 1159
1154 1158
1160 1161
1160 1162
1160 1163
1157 1161
1159 1163
1158 1162
1164 1165
1164 1166
1164 1167
1161 1165
1163 1167
1162 1166
1168 1169
1168 1170
1168 1171
1165 1169
1167 1171
1166 1170
1172 1173
1172 1174
1172 1175
1169 1173
1171 1175
1170 1174
1176 1177
1176 1178
1176 1179
1173 1177
1175 1179
1174 1178
1180 1181
1180 1182
1180 1183
1177 1181
1179 1183
1178 1182
1184 1185
1184 1186
1184 1187
1181 1185
1183 1187
1182 1186
1188 1189
1188 1190
1188 1191
1185 1189
1187 1191
1186 1190
1192 1193
1192 1194
1192 1195
1189 1193
1191 1195
1190 1194
1196 1197
1196 1198
1196 1199
1193 1197
1195 1199
1194 1198
1200 1201
1200 1202
1200 1203
1197 1201
1199 1203
1198 1202
1204 1205
1204 1206
1204 1207
1201 1205
1203 1207
1202 1206
1208 1209
1208 1210
1208 1211
1205 1209
1207 1211
1206 1210
1212 1213
1212 1214
1212 1215
1209 1213
1211 1215
1210 1214
1216 1217
1216 1218
1216 1219
1213 1217
1215 1219
1214 1218
1220 1221
1220 1222
1220 1223
1217 1221
1219 1223
1218 1222
1224 1225
1224 1226
1224 1227
1221 1225
1223 1227
1222 1226
1228 1229
1228 1230
1228 1231
1225 1229
1227 1231
1226 1230
1232 1233
1232 1234
1232 1235
1229 1233
1231 1235
1230 1234
1236 1237
1236 1238
1236 1239
1233 1237
1235 1239
1234 1238
1240 1241
1240 1242
1240 1243
1237 1241
1239 1243
1238 1242
1244 1245
1244 1246
1244 1247
1241 1245
1243 1247
1242 1246
1248 1249
1248 1250
1248 1251
1245 1249
1247 1251
1246 1250
1252 1253
1252 1254
1252 1255
1249 1253
1251 1255
1250 1254
1256 1257
1256 1258
1256 1259
1253 1257
1255 1259
1254 1258
1260 1261
1260 1262
1260 1263
1257 1261
1259 1263
1258 1262
1264 1265
1264 1266
1264 1267
1261 1265
1263 1267
1262 1266
1268 1269
1268 1270
1268 1271
1265 1269
1267 1271
1266 1270
1272 1273
1272 1274
1272 1275
1269 1273
1271 1275
1270 1274
1276 1277
1276 1278
1276 1279
1273 1277
1275 1279
1274 1278
1280 1281
1280 1282
1280 1283
1277 1281
1279 1283
1278 1282
1284 1285
1284 1286
1284 1287
1281 1285
1283 1287
1282 1286
1288 1289
1288 1290
1288 1291
1285 1289
1287 1291
1286 1290
1292 1293
1292 1294
1292 1295
1289 1293
1291 1295
1290 1294
1296 1297
1296 1298
1296 1299
1293 1297
1295 1299
1294 1298
1300 1301
1300 1302
1300 1303
1297 1301
1299 1303
1298 1302
1304 1305
1304 1306
1304 1307
1301 1305
1303 1307
1302 1306
1308 1309
1308 1310
1308 1311
1305 1309
1307 1311
1306 1310
1312 1313
1312 1314
1312 1315
1309 1313
1311 1315
1310 1314
1316 1317
1316 1318
1316 1319
1313 1317
1315 1319
1314 1318
1320 1321
1320 1322
1320 1323
1317 1321
1319 1323
1318 1322
1324 1325
1324 1326
1324 1327
1321 1325
1323 1327
1322 1326
1328 1329
1328 1330
1328 1331
1325 1329
1327 1331
1326 1330
1332 1333
1332 1334
1332 1335
1329 1333
1331 1335
1330 1334
1336 1337
1336 1338
1336 1339
1333 1337
1335 1339
1334 1338
1340 1341
1340 1342
1340 1343
1337 1341
1339 1343
1338 1342
1344 1345
1344 1346
1344 1347
1341 1345
1343 1347
1342 1346
1348 1349
1348 1350
1348 1351
1345 1349
1347 1351
1346 1350
1352 1353
1352 1354
1352 1355
1349 1353
1351 1355
1350 1354
1356 1357
1356 1358
1356 1359
1353 1357
1355 1359
1354 1358
1360 1361
1360 1362
1360 1363
1357 1361
1359 1363
1358 1362
1364 1365
1364 1366
1364 1367
1361 1365
1363 1367
1362 1366
1368 1369
1368 1370
1368 1371
1365 1369
1367 1371
1366 1370
1372 1373
1372 1374
1372 1375
1369 1373
1371 1375
1370 1374
1376 1377
1376 1378
1376 1379
1373 1377
1375 1379
1374 1378
1380 1381
1380 1382
1380 1383
1377 1381
1379 1383
1378 1382
1384 1385
1384 1386
1384 1387
1381 1385
1383 1387
1382 1386
1388 1389
1388 1390
1388 1391
1385 1389
1387 1391
1386 1390
1392 1393
1392 1394
1392 1395
1389 1393
1391 1395
1390 1394
1396 1397
1396 1398
1396 1399
1393 1397
1395 1399
1394 1398
1400 1401
1400 1402
1400 1403
1397 1401
1399 1403
1398 1402
1404 1405
1404 1406
1404 1407
1401 1405
1403 1407
1402 1406
1408 1409
1408 1410
1408 1411
1405 1409
1407 1411
1406 1410
1412 1413
1412 1414
1412 1415
1409 1413
1411 1415
1410 1414
1416 1417
1416 1418
1416 1419
1413 1417
1415 1419
1414 1418
1420 1421
1420 1422
1420 1423
1417 1421
1419 1423
1418 1422
1424 1425
1424 1426
1424 1427
1421 1425
1423 1427
1422 1426
1428 1429
1428 1430
1428 1431
1425 1429
1427 1431
1426 1430
1432 1433
1432 1434
1432 1435
1429 1433
1431 1435
1430 1434
1436 1437
1436 1438
1436 1439
1433 1437
1435 1439
1434 1438
1440 1441
1440 1442
1440 1443
1437 1441
1439 1443
1438 1442
1444 1445
1444 1446
1444 1447
1441 1445
1443 1447
1442 1446
1448 1449
1448 1450
1448 1451
1445 1449
1447 1451
1446 1450
1452 1453
1452 1454
1452 1455
1449 1453
1451 1455
1450 1454
1456 1457
1456 1458
1456 1459
1453 1457
1455 1459
1454 1458
1460 1461
1460 1462
1460 1463
1457 1461
1459 1463
1458 1462
1464 1465
1464 1466
1464 1467
1461 1465
1463 1467
1462 1466
1468 1469
1468 1470
1468 1471
1465 1469
1467 1471
1466 1470
1472 1473
1472 1474
1472 1475
1469 1473
1471 1475
1470 1474
1476 1477
1476 1478
1476 1479
1473 1477
1475 1479
1474 1478
1480 1481
1480 1482
1480 1483
1477 1481
1479 1483
1478 1482
1484 1485
1484 1486
1484 1487
1481 1485
1483 1487
1482 1486
1488 1489
1488 1490
1488 1491
1485 1489
1487 1491
1486 1490
1492 1493
1492 1494
1492 1495
1489 1493
1491 1495
1490 1494
1496 2
1499 3
4999 1496
1493 1497
5001 1
1494 1498
1500 1501
1500 1502
1500 1503
1497 1501
4998 1499
1498 1502
1504 1505
1504 1506
1504 1507
1501 1505
1503 1507
1502 1506
1508 1509
1508 1510
1508 1511
1505 1509
1507 1511
1506 1510
1512 1513
1512 1514
1512 1515
1509 1513
1511 1515
1510 1514
1516 1517
1516 1518
1516 1519
1513 1517
1515 1519
1514 1518
1520 1521
1520 1522
1520 1523
1517 1521
1519 1523
1518 1522
1524 1525
1524 1526
1524 1527
1521 1525
1523 1527
1522 1526
1528 1529
1528 1530
1528 1531
1525 1529
1527 1531
1526 1530
1532 1533
1532 1534
1532 1535
1529 1533
1531 1535
1530 1534
1536 1537
1536 1538
1536 1539
1533 1537
1535 1539
1534 1538
1540 1541
1540 1542
1540 1543
1537 1541
1539 1543
1538 1542
1544 1545
1544 1546
1544 1547
1541 1545
1543 1547
1542 1546
1548 1549
1548 1550
1548 1551
1545 1549
1547 1551
1546 1550
1552 1553
1552 1554
1552 1555
1549 1553
1551 1555
1550 1554
1556 1557
1556 1558
1556 1559
1553 1557
1555 1559
1554 1558
1560 1561
1560 1562
1560 1563
1557 1561
1559 1563
1558 1562
1564 1565
1564 1566
1564 1567
1561 1565
1563 1567
1562 1566
1568 1569
1568 1570
1568 1571
1565 1569
1567 1571
1566 1570
1572 1573
1572 1574
1572 1575
1569 1573
1571 1575
1570 1574
1576 1577
1576 1578
1576 1579
1573 1577
1575 1579
1574 1578
1580 1581
1580 1582
1580 1583
1577 1581
1579 1583
1578 1582
1584 1585
1584 1586
1584 1587
1581 1585
1583 1587
1582 1586
1588 1589
1588 1590
1588 1591
1585 1589
1587 1591
1586 1590
1592 1593
1592 1594
1592 1595
1589 1593
1591 1595
1590 1594
1596 1597
1596 1598
1596 1599
1593 1597
1595 1599
1594 1598
1600 1601
1600 1602
1600 1603
1597 1601
1599 1603
1598 1602
1604 1605
1604 1606
1604 1607
1601 1605
1603 1607
1602 1606
1608 1609
1608 1610
1608 1611
1605 1609
1607 1611
1606 1610
1612 1613
1612 1614
1612 1615
1609 1613
1611 1615
1610 1614
1616 1617
1616 1618
1616 1619
1613 1617
1615 1619
1614 1618
1620 1621
1620 1622
1620 1623
1617 1621
1619 1623
1618 1622
1624 1625
1624 1626
1624 1627
1621 1625
1623 1627
1622 1626
1628 1629
1628 1630
1628 1631
1625 1629
1627 1631
1626 1630
1632 1633
1632 1634
1632 1635
1629 1633
1631 1635
1630 1634
1636 1637
1636 1638
1636 1639
1633 1637
1635 1639
1634 1638
1640 1641
1640 1642
1640 1643
1637 1641
1639 1643
1638 1642
1644 1645
1644 1646
1644 1647
1641 1645
1643 1647
1642 1646
1648 1649
1648 1650
1648 1651
1645 1649
1647 1651
1646 1650
1652 1653
1652 1654
1652 1655
1649 1653
1651 1655
1650 1654
1656 1657
1656 1658
1656 1659
1653 1657
1655 1659
1654 1658
1660 1661
1660 1662
1660 1663
1657 1661
1659 1663
1658 1662
1664 1665
1664 1666
1664 1667
1661 1665
1663 1667
1662 1666
1668 1669
1668 1670
1668 1671
1665 1669
1667 1671
1666 1670
1672 1673
1672 1674
1672 1675
1669 1673
1671 1675
1670 1674
1676 1677
1676 1678
1676 1679
1673 1677
1675 1679
1674 1678
1680 1681
1680 1682
1680 1683
1677 1681
1679 1683
1678 1682
1684 1685
1684 1686
1684 1687
1681 1685
1683 1687
1682 1686
1688 1689
1688 1690
1688 1691
1685 1689
1687 1691
1686 1690
1692 1693
1692 1694
1692 1695
1689 1693
1691 1695
1690 1694
1696 1697
1696 1698
1696 1699
1693 1697
1695 1699
1694 1698
1700 1701
1700 1702
1700 1703
1697 1701
1699 1703
1698 1702
1704 1705
1704 1706
1704 1707
1701 1705
1703 1707
1702 1706
1708 1709
1708 1710
1708 1711
1705 1709
1707 1711
1706 1710
1712 1713
1712 1714
1712 1715
1709 1713
1711 1715
1710 1714
1716 1717
1716 1718
1716 1719
1713 1717
1715 1719
1714 1718
1720 1721
1720 1722
1720 1723
1717 1721
1719 1723
1718 1722
1724 1725
1724 1726
1724 1727
1721 1725
1723 1727
1722 1726
1728 1729
1728 1730
1728 1731
1725 1729
1727 1731
1726 1730
1732 1733
1732 1734
1732 1735
1729 1733
1731 1735
1730 1734
1736 1737
1736 1738
1736 1739
1733 1737
1735 1739
1734 1738
1740 1741
1740 1742
1740 1743
1737 1741
1739 1743
1738 1742
1744 1745
1744 1746
1744 1747
1741 1745
1743 1747
1742 1746
1748 1749
1748 1750
1748 1751
1745 1749
1747 1751
1746 1750
1752 1753
1752 1754
1752 1755
1749 1753
1751 1755
1750 1754
1756 1757
1756 1758
1756 1759
1753 1757
1755 1759
1754 1758
1760 1761
1760 1762
1760 1763
1757 1761
1759 1763
1758 1762
1764 1765
1764 1766
1764 1767
1761 1765
1763 1767
1762 1766
1768 1769
1768 1770
1768 1771
1765 1769
1767 1771
1766 1770
1772 1773
1772 1774
1772 1775
1769 1773
1771 1775
1770 1774
1776 1777
1776 1778
1776 1779
1773 1777
1775 1779
1774 1778
1780 1781
1780 1782
1780 1783
1777 1781
1779 1783
1778 1782
1784 1785
1784 1786
1784 1787
1781 1785
1783 1787
1782 1786
1788 1789
1788 1790
1788 1791
1785 1789
1787 1791
1786 1790
1792 1793
1792 1794
1792 1795
1789 1793
1791 1795
1790 1794
1796 1797
1796 1798
1796 1799
1793 1797
1795 1799
1794 1798
1800 1801
1800 1802
1800 1803
1797 1801
1799 1803
1798 1802
1804 1805
1804 1806
1804 1807
1801 1805
1803 1807
1802 1806
1808 1809
1808 1810
1808 1811
1805 1809
1807 1811
1806 1810
1812 1813
1812 1814
1812 1815
1809 1813
1811 1815
1810 1814
1816 1817
1816 1818
1816 1819
1813 1817
1815 1819
1814 1818
1820 1821
1820 1822
1820 1823
1817 1821
1819 1823
1818 1822
1824 1825
1824 1826
1824 1827
1821 1825
1823 1827
1822 1826
1828 1829
1828 1830
1828 1831
1825 1829
1827 1831
1826 1830
1832 1833
1832 1834
1832 1835
1829 1833
1831 1835
1830 1834
1836 1837
1836 1838
1836 1839
1833 1837
1835 1839
1834 1838
1840 1841
1840 1842
1840 1843
1837 1841
1839 1843
1838 1842
1844 1845
1844 1846
1844 1847
1841 1845
1843 1847
1842 1846
1848 1849
1848 1850
1848 1851
1845 1849
1847 1851
1846 1850
1852 1853
1852 1854
1852 1855
1849 1853
1851 1855
1850 1854
1856 1857
1856 1858
1856 1859
1853 1857
1855 1859
1854 1858
1860 1861
1860 1862
1860 1863
1857 1861
1859 1863
1858 1862
1864 1865
1864 1866
1864 1867
1861 1865
1863 1867
1862 1866
1868 1869
1868 1870
1868 1871
1865 1869
1867 1871
1866 1870
1872 1873
1872 1874
1872 1875
1869 1873
1871 1875
1870 1874
1876 1877
1876 1878
1876 1879
1873 1877
1875 1879
1874 1878
1880 1881
1880 1882
1880 1883
1877 1881
1879 1883
1878 1882
1884 1885
1884 1886
1884 1887
1881 1885
1883 1887
1882 1886
1888 1889
1888 1890
1888 1891
1885 1889
1887 1891
1886 1890
1892 1893
1892 1894
1892 1895
1889 1893
1891 1895
1890 1894
1896 1897
1896 1898
1896 1899
1893 1897
1895 1899
1894 1898
1900 1901
1900 1902
1900 1903
1897 1901
1899 1903
1898 1902
1904 1905
1904 1906
1904 1907
1901 1905
1903 1907
1902 1906
1908 1909
1908 1910
1908 1911
1905 1909
1907 1911
1906 1910
1912 1913
1912 1914
1912 1915
1909 1913
1911 1915
1910 1914
1916 1917
1916 1918
1916 1919
1913 1917
1915 1919
1914 1918
1920 1921
1920 1922
1920 1923
1917 1921
1919 1923
1918 1922
1924 1925
1924 1926
1924 1927
1921 1925
1923 1927
1922 1926
1928 1929
1928 1930
1928 1931
1925 1929
1927 1931
1926 1930
1932 1933
1932 1934
1932 1935
1929 1933
1931 1935
1930 1934
1936 1937
1936 1938
1936 1939
1933 1937
1935 1939
1934 1938
1940 1941
1940 1942
1940 1943
1937 1941
1939 1943
1938 1942
1944 1945
1944 1946
1944 1947
1941 1945
1943 1947
1942 1946
1948 1949
1948 1950
1948 1951
1945 1949
1947 1951
1946 1950
1952 1953
1952 1954
1952 1955
1949 1953
1951 1955
1950 1954
1956 1957
1956 1958
1956 1959
1953 1957
1955 1959
1954 1958
1960 1961
1960 1962
1960 1963
1957 1961
1959 1963
1958 1962
1964 1965
1964 1966
1964 1967
1961 1965
1963 1967
1962 1966
1968 1969
1968 1970
1968 1971
1965 1969
1967 1971
1966 1970
1972 1973
1972 1974
1972 1975
1969 1973
1971 1975
1970 1974
1976 1977
1976 1978
1976 1979
1973 1977
1975 1979
1974 1978
1980 1981
1980 1982
1980 1983
1977 1981
1979 1983
1978 1982
1984 1985
1984 1986
1984 1987
1981 1985
1983 1987
1982 1986
1988 1989
1988 1990
1988 1991
1985 1989
1987 1991
1986 1990
1992 1993
1992 1994
1992 1995
1989 1993
1991 1995
1990 1994
1996 1997
1996 1998
1996 1999
1993 1997
1995 1999
1994 1998
2000 2001
2000 2002
2000 2003
1997 2001
1999 2003
1998 2002
2004 2005
2004 2006
2004 2007
2001 2005
2003 2007
2002 2006
2008 2009
2008 2010
2008 2011
2005 2009
2007 2011
2006 2010
2012 2013
2012 2014
2012 2015
2009 2013
2011 2015
2010 2014
2016 2017
2016 2018
2016 2019
2013 2017
2015 2019
2014 2018
2020 2021
2020 2022
2020 2023
2017 2021
2019 2023
2018 2022
2024 2025
2024 2026
2024 2027
2021 2025
2023 2027
2022 2026
2028 2029
2028 2030
2028 2031
2025 2029
2027 2031
2026 2030
2032 2033
2032 2034
2032 2035
2029 2033
2031 2035
2030 2034
2036 2037
2036 2038
2036 2039
2033 2037
2035 2039
2034 2038
2040 2041
2040 2042
2040 2043
2037 2041
2039 2043
2038 2042
2044 2045
2044 2046
2044 2047
2041 2045
2043 2047
2042 2046
2048 2049
2048 2050
2048 2051
2045 2049
2047 2051
2046 2050
2052 2053
2052 2054
2052 2055
2049 2053
2051 2055
2050 2054
2056 2057
2056 2058
2056 2059
2053 2057
2055 2059
2054 2058
2060 2061
2060 2062
2060 2063
2057 2061
2059 2063
2058 2062
2064 2065
2064 2066
2064 2067
2061 2065
2063 2067
2062 2066
2068 2069
2068 2070
2068 2071
2065 2069
2067 2071
2066 2070
2072 2073
2072 2074
2072 2075
2069 2073
2071 2075
2070 2074
2076 2077
2076 2078
2076 2079
2073 2077
2075 2079
2074 2078
2080 2081
2080 2082
2080 2083
2077 2081
2079 2083
2078 2082
2084 2085
2084 2086
2084 2087
2081 2085
2083 2087
2082 2086
2088 2089
2088 2090
2088 2091
2085 2089
2087 2091
2086 2090
2092 2093
2092 2094
2092 2095
2089 2093
2091 2095
2090 2094
2096 2097
2096 2098
2096 2099
2093 2097
2095 2099
2094 2098
2100 2101
2100 2102
2100 2103
2097 2101
2099 2103
2098 2102
2104 2105
2104 2106
2104 2107
2101 2105
2103 2107
2102 2106
2108 2109
2108 2110
2108 2111
2105 2109
2107 2111
2106 2110
2112 2113
2112 2114
2112 2115
2109 2113
2111 2115
2110 2114
2116 2117
2116 2118
2116 2119
2113 2117
2115 2119
2114 2118
2120 2121
2120 2122
2120 2123
2117 2121
2119 2123
2118 2122
2124 2125
2124 2126
2124 2127
2121 2125
2123 2127
2122 2126
2128 2129
2128 2130
2128 2131
2125 2129
2127 2131
2126 2130
2132 2133
2132 2134
2132 2135
2129 2133
2131 2135
2130 2134
2136 2137
2136 2138
2136 2139
2133 2137
2135 2139
2134 2138
2140 2141
2140 2142
2140 2143
2137 2141
2139 2143
2138 2142
2144 2145
2144 2146
2144 2147
2141 2145
2143 2147
2142 2146
2148 2149
2148 2150
2148 2151
2145 2149
2147 2151
2146 2150
2152 2153
2152 2154
2152 2155
2149 2153
2151 2155
2150 2154
2156 2157
2156 2158
2156 2159
2153 2157
2155 2159
2154 2158
2160 2161
2160 2162
2160 2163
2157 2161
2159 2163
2158 2162
2164 2165
2164 2166
2164 2167
2161 2165
2163 2167
2162 2166
2168 2169
2168 2170
2168 2171
2165 2169
2167 2171
2166 2170
2172 2173
2172 2174
2172 2175
2169 2173
2171 2175
2170 2174
2176 2177
2176 2178
2176 2179
2173 2177
2175 2179
2174 2178
2180 2181
2180 2182
2180 2183
2177 2181
2179 2183
2178 2182
2184 2185
2184 2186
2184 2187
2181 2185
2183 2187
2182 2186
2188 2189
2188 2190
2188 2191
2185 2189
2187 2191
2186 2190
2192 2193
2192 2194
2192 2195
2189 2193
2191 2195
2190 2194
2196 2197
2196 2198
2196 2199
2193 2197
2195 2199
2194 2198
2200 2201
2200 2202
2200 2203
2197 2201
2199 2203
2198 2202
2204 2205
2204 2206
2204 2207
2201 2205
2203 2207
2202 2206
2208 2209
2208 2210
2208 2211
2205 2209
2207 2211
2206 2210
2212 2213
2212 2214
2212 2215
2209 2213
2211 2215
2210 2214
2216 2217
2216 2218
2216 2219
2213 2217
2215 2219
2214 2218
2220 2221
2220 2222
2220 2223
2217 2221
2219 2223
2218 2222
2224 2225
2224 2226
2224 2227
2221 2225
2223 2227
2222 2226
2228 2229
2228 2230
2228 2231
2225 2229
2227 2231
2226 2230
2232 2233
2232 2234
2232 2235
2229 2233
2231 2235
2230 2234
2236 2237
2236 2238
2236 2239
2233 2237
2235 2239
2234 2238
2240 2241
2240 2242
2240 2243
2237 2241
2239 2243
2238 2242
2244 2245
2244 2246
2244 2247
2241 2245
2243 2247
2242 2246
2248 2249
2248 2250
2248 2251
2245 2249
2247 2251
2246 2250
2252 2253
2252 2254
2252 2255
2249 2253
2251 2255
2250 2254
2256 2257
2256 2258
2256 2259
2253 2257
2255 2259
2254 2258
2260 2261
2260 2262
2260 2263
2257 2261
2259 2263
2258 2262
2264 2265
2264 2266
2264 2267
2261 2265
2263 2267
2262 2266
2268 2269
2268 2270
2268 2271
2265 2269
2267 2271
2266 2270
2272 2273
2272 2274
2272 2275
2269 2273
2271 2275
2270 2274
2276 2277
2276 2278
2276 2279
2273 2277
2275 2279
2274 2278
2280 2281
2280 2282
2280 2283
2277 2281
2279 2283
2278 2282
2284 2285
2284 2286
2284 2287
2281 2285
2283 2287
2282 2286
2288 2289
2288 2290
2288 2291
2285 2289
2287 2291
2286 2290
2292 2293
2292 2294
2292 2295
2289 2293
2291 2295
2290 2294
2296 2297
2296 2298
2296 2299
2293 2297
2295 2299
2294 2298
2300 2301
2300 2302
2300 2303
2297 2301
2299 2303
2298 2302
2304 2305
2304 2306
2304 2307
2301 2305
2303 2307
2302 2306
2308 2309
2308 2310
2308 2311
2305 2309
2307 2311
2306 2310
2312 2313
2312 2314
2312 2315
2309 2313
2311 2315
2310 2314
2316 2317
2316 2318
2316 2319
2313 2317
2315 2319
2314 2318
2320 2321
2320 2322
2320 2323
2317 2321
2319 2323
2318 2322
2324 2325
2324 2326
2324 2327
2321 2325
2323 2327
2322 2326
2328 2329
2328 2330
2328 2331
2325 2329
2327 2331
2326 2330
2332 2333
2332 2334
2332 2335
2329 2333
2331 2335
2330 2334
2336 2337
2336 2338
2336 2339
2333 2337
2335 2339
2334 2338
2340 2341
2340 2342
2340 2343
2337 2341
2339 2343
2338 2342
2344 2345
2344 2346
2344 2347
2341 2345
2343 2347
2342 2346
2348 2349
2348 2350
2348 2351
2345 2349
2347 2351
2346 2350
2352 2353
2352 2354
2352 2355
2349 2353
2351 2355
2350 2354
2356 2357
2356 2358
2356 2359
2353 2357
2355 2359
2354 2358
2360 2361
2360 2362
2360 2363
2357 2361
2359 2363
2358 2362
2364 2365
2364 2366
2364 2367
2361 2365
2363 2367
2362 2366
2368 2369
2368 2370
2368 2371
2365 2369
2367 2371
2366 2370
2372 2373
2372 2374
2372 2375
2369 2373
2371 2375
2370 2374
2376 2377
2376 2378
2376 2379
2373 2377
2375 2379
2374 2378
2380 2381
2380 2382
2380 2383
2377 2381
2379 2383
2378 2382
2384 2385
2384 2386
2384 2387
2381 2385
2383 2387
2382 2386
2388 2389
2388 2390
2388 2391
2385 2389
2387 2391
2386 2390
2392 2393
2392 2394
2392 2395
2389 2393
2391 2395
2390 2394
2396 2397
2396 2398
2396 2399
2393 2397
2395 2399
2394 2398
2400 2401
2400 2402
2400 2403
2397 2401
2399 2403
2398 2402
2404 2405
2404 2406
2404 2407
2401 2405
2403 2407
2402 2406
2408 2409
2408 2410
2408 2411
2405 2409
2407 2411
2406 2410
2412 2413
2412 2414
2412 2415
2409 2413
2411 2415
2410 2414
2416 2417
2416 2418
2416 2419
2413 2417
2415 2419
2414 2418
2420 2421
2420 2422
2420 2423
2417 2421
2419 2423
2418 2422
2424 2425
2424 2426
2424 2427
2421 2425
2423 2427
2422 2426
2428 2429
2428 2430
2428 2431
2425 2429
2427 2431
2426 2430
2432 2433
2432 2434
2432 2435
2429 2433
2431 2435
2430 2434
2436 2437
2436 2438
2436 2439
2433 2437
2435 2439
2434 2438
2440 2441
2440 2442
2440 2443
2437 2441
2439 2443
2438 2442
2444 2445
2444 2446
2444 2447
2441 2445
2443 2447
2442 2446
2448 2449
2448 2450
2448 2451
2445 2449
2447 2451
2446 2450
2452 2453
2452 2454
2452 2455
2449 2453
2451 2455
2450 2454
2456 2457
2456 2458
2456 2459
2453 2457
2455 2459
2454 2458
2460 2461
2460 2462
2460 2463
2457 2461
2459 2463
2458 2462
2464 2465
2464 2466
2464 2467
2461 2465
2463 2467
2462 2466
2468 2469
2468 2470
2468 2471
2465 2469
2467 2471
2466 2470
2472 2473
2472 2474
2472 2475
2469 2473
2471 2475
2470 2474
2476 2477
2476 2478
2476 2479
2473 2477
2475 2479
2474 2478
2480 2481
2480 2482
2480 2483
2477 2481
2479 2483
2478 2482
2484 2485
2484 2486
2484 2487
2481 2485
2483 2487
2482 2486
2488 2489
2488 2490
2488 2491
2485 2489
2487 2491
2486 2490
2492 2493
2492 2494
2492 2495
2489 2493
2491 2495
2490 2494
2496 2497
2496 2498
2496 2499
2493 2497
2495 2499
2494 2498
2500 2501
2500 2502
2500 2503
2497 2501
2499 2503
2498 2502
2504 2505
2504 2506
2504 2507
2501 2505
2503 2507
2502 2506
2508 2509
2508 2510
2508 2511
2505 2509
2507 2511
2506 2510
2512 2513
2512 2514
2512 2515
2509 2513
2511 2515
2510 2514
2516 2517
2516 2518
2516 2519
2513 2517
2515 2519
2514 2518
2520 2521
2520 2522
2520 2523
2517 2521
2519 2523
2518 2522
2524 2525
2524 2526
2524 2527
2521 2525
2523 2527
2522 2526
2528 2529
2528 2530
2528 2531
2525 2529
2527 2531
2526 2530
2532 2533
2532 2534
2532 2535
2529 2533
2531 2535
2530 2534
2536 2537
2536 2538
2536 2539
2533 2537
2535 2539
2534 2538
2540 2541
2540 2542
2540 2543
2537 2541
2539 2543
2538 2542
2544 2545
2544 2546
2544 2547
2541 2545
2543 2547
2542 2546
2548 2549
2548 2550
2548 2551
2545 2549
2547 2551
2546 2550
2552 2553
2552 2554
2552 2555
2549 2553
2551 2555
2550 2554
2556 2557
2556 2558
2556 2559
2553 2557
2555 2559
2554 2558
2560 2561
2560 2562
2560 2563
2557 2561
2559 2563
2558 2562
2564 2565
2564 2566
2564 2567
2561 2565
2563 2567
2562 2566
2568 2569
2568 2570
2568 2571
2565 2569
2567 2571
2566 2570
2572 2573
2572 2574
2572 2575
2569 2573
2571 2575
2570 2574
2576 2577
2576 2578
2576 2579
2573 2577
2575 2579
2574 2578
2580 2581
2580 2582
2580 2583
2577 2581
2579 2583
2578 2582
2584 2585
2584 2586
2584 2587
2581 2585
2583 2587
2582 2586
2588 2589
2588 2590
2588 2591
2585 2589
2587 2591
2586 2590
2592 2593
2592 2594
2592 2595
2589 2593
2591 2595
2590 2594
2596 2597
2596 2598
2596 2599
2593 2597
2595 2599
2594 2598
2600 2601
2600 2602
2600 2603
2597 2601
2599 2603
2598 2602
2604 2605
2604 2606
2604 2607
2601 2605
2603 2607
2602 2606
2608 2609
2608 2610
2608 2611
2605 2609
2607 2611
2606 2610
2612 2613
2612 2614
2612 2615
2609 2613
2611 2615
2610 2614
2616 2617
2616 2618
2616 2619
2613 2617
2615 2619
2614 2618
2620 2621
2620 2622
2620 2623
2617 2621
2619 2623
2618 2622
2624 2625
2624 2626
2624 2627
2621 2625
2623 2627
2622 2626
2628 2629
2628 2630
2628 2631
2625 2629
2627 2631
2626 2630
2632 2633
2632 2634
2632 2635
2629 2633
2631 2635
2630 2634
2636 2637
2636 2638
2636 2639
2633 2637
2635 2639
2634 2638
2640 2641
2640 2642
2640 2643
2637 2641
2639 2643
2638 2642
2644 2645
2644 2646
2644 2647
2641 2645
2643 2647
2642 2646
2648 2649
2648 2650
2648 2651
2645 2649
2647 2651
2646 2650
2652 2653
2652 2654
2652 2655
2649 2653
2651 2655
2650 2654
2656 2657
2656 2658
2656 2659
2653 2657
2655 2659
2654 2658
2660 2661
2660 2662
2660 2663
2657 2661
2659 2663
2658 2662
2664 2665
2664 2666
2664 2667
2661 2665
2663 2667
2662 2666
2668 2669
2668 2670
2668 2671
2665 2669
2667 2671
2666 2670
2672 2673
2672 2674
2672 2675
2669 2673
2671 2675
2670 2674
2676 2677
2676 2678
2676 2679
2673 2677
2675 2679
2674 2678
2680 2681
2680 2682
2680 2683
2677 2681
2679 2683
2678 2682
2684 2685
2684 2686
2684 2687
2681 2685
2683 2687
2682 2686
2688 2689
2688 2690
2688 2691
2685 2689
2687 2691
2686 2690
2692 2693
2692 2694
2692 2695
2689 2693
2691 2695
2690 2694
2696 2697
2696 2698
2696 2699
2693 2697
2695 2699
2694 2698
2700 2701
2700 2702
2700 2703
2697 2701
2699 2703
2698 2702
2704 2705
2704 2706
2704 2707
2701 2705
2703 2707
2702 2706
2708 2709
2708 2710
2708 2711
2705 2709
2707 2711
2706 2710
2712 2713
2712 2714
2712 2715
2709 2713
2711 2715
2710 2714
2716 2717
2716 2718
2716 2719
2713 2717
2715 2719
2714 2718
2720 2721
2720 2722
2720 2723
2717 2721
2719 2723
2718 2722
2724 2725
2724 2726
2724 2727
2721 2725
2723 2727
2722 2726
2728 2729
2728 2730
2728 2731
2725 2729
2727 2731
2726 2730
2732 2733
2732 2734
2732 2735
2729 2733
2731 2735
2730 2734
2736 2737
2736 2738
2736 2739
2733 2737
2735 2739
2734 2738
2740 2741
2740 2742
2740 2743
2737 2741
2739 2743
2738 2742
2744 2745
2744 2746
2744 2747
2741 2745
2743 2747
2742 2746
2748 2749
2748 2750
2748 2751
2745 2749
2747 2751
2746 2750
2752 2753
2752 2754
2752 2755
2749 2753
2751 2755
2750 2754
2756 2757
2756 2758
2756 2759
2753 2757
2755 2759
2754 2758
2760 2761
2760 2762
2760 2763
2757 2761
2759 2763
2758 2762
2764 2765
2764 2766
2764 2767
2761 2765
2763 2767
2762 2766
2768 2769
2768 2770
2768 2771
2765 2769
2767 2771
2766 2770
2772 2773
2772 2774
2772 2775
2769 2773
2771 2775
2770 2774
2776 2777
2776 2778
2776 2779
2773 2777
2775 2779
2774 2778
2780 2781
2780 2782
2780 2783
2777 2781
2779 2783
2778 2782
2784 2785
2784 2786
2784 2787
2781 2785
2783 2787
2782 2786
2788 2789
2788 2790
2788 2791
2785 2789
2787 2791
2786 2790
2792 2793
2792 2794
2792 2795
2789 2793
2791 2795
2790 2794
2796 2797
2796 2798
2796 2799
2793 2797
2795 2799
2794 2798
2800 2801
2800 2802
2800 2803
2797 2801
2799 2803
2798 2802
2804 2805
2804 2806
2804 2807
2801 2805
2803 2807
2802 2806
2808 2809
2808 2810
2808 2811
2805 2809
2807 2811
2806 2810
2812 2813
2812 2814
2812 2815
2809 2813
2811 2815
2810 2814
2816 2817
2816 2818
2816 2819
2813 2817
2815 2819
2814 2818
2820 2821
2820 2822
2820 2823
2817 2821
2819 2823
2818 2822
2824 2825
2824 2826
2824 2827
2821 2825
2823 2827
2822 2826
2828 2829
2828 2830
2828 2831
2825 2829
2827 2831
2826 2830
2832 2833
2832 2834
2832 2835
2829 2833
2831 2835
2830 2834
2836 2837
2836 2838
2836 2839
2833 2837
2835 2839
2834 2838
2840 2841
2840 2842
2840 2843
2837 2841
2839 2843
2838 2842
2844 2845
2844 2846
2844 2847
2841 2845
2843 2847
2842 2846
2848 2849
2848 2850
2848 2851
2845 2849
2847 2851
2846 2850
2852 2853
2852 2854
2852 2855
2849 2853
2851 2855
2850 2854
2856 2857
2856 2858
2856 2859
2853 2857
2855 2859
2854 2858
2860 2861
2860 2862
2860 2863
2857 2861
2859 2863
2858 2862
2864 2865
2864 2866
2864 2867
2861 2865
2863 2867
2862 2866
2868 2869
2868 2870
2868 2871
2865 2869
2867 2871
2866 2870
2872 2873
2872 2874
2872 2875
2869 2873
2871 2875
2870 2874
2876 2877
2876 2878
2876 2879
2873 2877
2875 2879
2874 2878
2880 2881
2880 2882
2880 2883
2877 2881
2879 2883
2878 2882
2884 2885
2884 2886
2884 2887
2881 2885
2883 2887
2882 2886
2888 2889
2888 2890
2888 2891
2885 2889
2887 2891
2886 2890
2892 2893
2892 2894
2892 2895
2889 2893
2891 2895
2890 2894
2896 2897
2896 2898
2896 2899
2893 2897
2895 2899
2894 2898
2900 2901
2900 2902
2900 2903
2897 2901
2899 2903
2898 2902
2904 2905
2904 2906
2904 2907
2901 2905
2903 2907
2902 2906
2908 2909
2908 2910
2908 2911
2905 2909
2907 2911
2906 2910
2912 2913
2912 2914
2912 2915
2909 2913
2911 2915
2910 2914
2916 2917
2916 2918
2916 2919
2913 2917
2915 2919
2914 2918
2920 2921
2920 2922
2920 2923
2917 2921
2919 2923
2918 2922
2924 2925
2924 2926
2924 2927
2921 2925
2923 2927
2922 2926
2928 2929
2928 2930
2928 2931
2925 2929
2927 2931
2926 2930
2932 2933
2932 2934
2932 2935
2929 2933
2931 2935
2930 2934
2936 2937
2936 2938
2936 2939
2933 2937
2935 2939
2934 2938
2940 2941
2940 2942
2940 2943
2937 2941
2939 2943
2938 2942
2944 2945
2944 2946
2944 2947
2941 2945
2943 2947
2942 2946
2948 2949
2948 2950
2948 2951
2945 2949
2947 2951
2946 2950
2952 2953
2952 2954
2952 2955
2949 2953
2951 2955
2950 2954
2956 2957
2956 2958
2956 2959
2953 2957
2955 2959
2954 2958
2960 2961
2960 2962
2960 2963
2957 2961
2959 2963
2958 2962
2964 2965
2964 2966
2964 2967
2961 2965
2963 2967
2962 2966
2968 2969
2968 2970
2968 2971
2965 2969
2967 2971
2966 2970
2972 2973
2972 2974
2972 2975
2969 2973
2971 2975
2970 2974
2976 2977
2976 2978
2976 2979
2973 2977
2975 2979
2974 2978
2980 2981
2980 2982
2980 2983
2977 2981
2979 2983
2978 2982
2984 2985
2984 2986
2984 2987
2981 2985
2983 2987
2982 2986
2988 2989
2988 2990
2988 2991
2985 2989
2987 2991
2986 2990
2992 2993
2992 2994
2992 2995
2989 2993
2991 2995
2990 2994
2996 2997
2996 2998
2996 2999
2993 2997
2995 2999
2994 2998
3000 3001
3000 3002
3000 3003
2997 3001
2999 3003
2998 3002
3004 3005
3004 3006
3004 3007
3001 3005
3003 3007
3002 3006
3008 3009
3008 3010
3008 3011
3005 3009
3007 3011
3006 3010
3012 3013
3012 3014
3012 3015
3009 3013
3011 3015
3010 3014
3016 3017
3016 3018
3016 3019
3013 3017
3015 3019
3014 3018
3020 3021
3020 3022
3020 3023
3017 3021
3019 3023
3018 3022
3024 3025
3024 3026
3024 3027
3021 3025
3023 3027
3022 3026
3028 3029
3028 3030
3028 3031
3025 3029
3027 3031
3026 3030
3032 3033
3032 3034
3032 3035
3029 3033
3031 3035
3030 3034
3036 3037
3036 3038
3036 3039
3033 3037
3035 3039
3034 3038
3040 3041
3040 3042
3040 3043
3037 3041
3039 3043
3038 3042
3044 3045
3044 3046
3044 3047
3041 3045
3043 3047
3042 3046
3048 3049
3048 3050
3048 3051
3045 3049
3047 3051
3046 3050
3052 3053
3052 3054
3052 3055
3049 3053
3051 3055
3050 3054
3056 3057
3056 3058
3056 3059
3053 3057
3055 3059
3054 3058
3060 3061
3060 3062
3060 3063
3057 3061
3059 3063
3058 3062
3064 3065
3064 3066
3064 3067
3061 3065
3063 3067
3062 3066
3068 3069
3068 3070
3068 3071
3065 3069
3067 3071
3066 3070
3072 3073
3072 3074
3072 3075
3069 3073
3071 3075
3070 3074
3076 3077
3076 3078
3076 3079
3073 3077
3075 3079
3074 3078
3080 3081
3080 3082
3080 3083
3077 3081
3079 3083
3078 3082
3084 3085
3084 3086
3084 3087
3081 3085
3083 3087
3082 3086
3088 3089
3088 3090
3088 3091
3085 3089
3087 3091
3086 3090
3092 3093
3092 3094
3092 3095
3089 3093
3091 3095
3090 3094
3096 3097
3096 3098
3096 3099
3093 3097
3095 3099
3094 3098
3100 3101
3100 3102
3100 3103
3097 3101
3099 3103
3098 3102
3104 3105
3104 3106
3104 3107
3101 3105
3103 3107
3102 3106
3108 3109
3108 3110
3108 3111
3105 3109
3107 3111
3106 3110
3112 3113
3112 3114
3112 3115
3109 3113
3111 3115
3110 3114
3116 3117
3116 3118
3116 3119
3113 3117
3115 3119
3114 3118
3120 3121
3120 3122
3120 3123
3117 3121
3119 3123
3118 3122
3124 3125
3124 3126
3124 3127
3121 3125
3123 3127
3122 3126
3128 3129
3128 3130
3128 3131
3125 3129
3127 3131
3126 3130
3132 3133
3132 3134
3132 3135
3129 3133
3131 3135
3130 3134
3136 3137
3136 3138
3136 3139
3133 3137
3135 3139
3134 3138
3140 3141
3140 3142
3140 3143
3137 3141
3139 3143
3138 3142
3144 3145
3144 3146
3144 3147
3141 3145
3143 3147
3142 3146
3148 3149
3148 3150
3148 3151
3145 3149
3147 3151
3146 3150
3152 3153
3152 3154
3152 3155
3149 3153
3151 3155
3150 3154
3156 3157
3156 3158
3156 3159
3153 3157
3155 3159
3154 3158
3160 3161
3160 3162
3160 3163
3157 3161
3159 3163
3158 3162
3164 3165
3164 3166
3164 3167
3161 3165
3163 3167
3162 3166
3168 3169
3168 3170
3168 3171
3165 3169
3167 3171
3166 3170
3172 3173
3172 3174
3172 3175
3169 3173
3171 3175
3170 3174
3176 3177
3176 3178
3176 3179
3173 3177
3175 3179
3174 3178
3180 3181
3180 3182
3180 3183
3177 3181
3179 3183
3178 3182
3184 3185
3184 3186
3184 3187
3181 3185
3183 3187
3182 3186
3188 3189
3188 3190
3188 3191
3185 3189
3187 3191
3186 3190
3192 3193
3192 3194
3192 3195
3189 3193
3191 3195
3190 3194
3196 3197
3196 3198
3196 3199
3193 3197
3195 3199
3194 3198
3200 3201
3200 3202
3200 3203
3197 3201
3199 3203
3198 3202
3204 3205
3204 3206
3204 3207
3201 3205
3203 3207
3202 3206
3208 3209
3208 3210
3208 3211
3205 3209
3207 3211
3206 3210
3212 3213
3212 3214
3212 3215
3209 3213
3211 3215
3210 3214
3216 3217
3216 3218
3216 3219
3213 3217
3215 3219
3214 3218
3220 3221
3220 3222
3220 3223
3217 3221
3219 3223
3218 3222
3224 3225
3224 3226
3224 3227
3221 3225
3223 3227
3222 3226
3228 3229
3228 3230
3228 3231
3225 3229
3227 3231
3226 3230
3232 3233
3232 3234
3232 3235
3229 3233
3231 3235
3230 3234
3236 3237
3236 3238
3236 3239
3233 3237
3235 3239
3234 3238
3240 3241
3240 3242
3240 3243
3237 3241
3239 3243
3238 3242
3244 3245
3244 3246
3244 3247
3241 3245
3243 3247
3242 3246
3248 3249
3248 3250
3248 3251
3245 3249
3247 3251
3246 3250
3252 3253
3252 3254
3252 3255
3249 3253
3251 3255
3250 3254
3256 3257
3256 3258
3256 3259
3253 3257
3255 3259
3254 3258
3260 3261
3260 3262
3260 3263
3257 3261
3259 3263
3258 3262
3264 3265
3264 3266
3264 3267
3261 3265
3263 3267
3262 3266
3268 3269
3268 3270
3268 3271
3265 3269
3267 3271
3266 3270
3272 3273
3272 3274
3272 3275
3269 3273
3271 3275
3270 3274
3276 3277
3276 3278
3276 3279
3273 3277
3275 3279
3274 3278
3280 3281
3280 3282
3280 3283
3277 3281
3279 3283
3278 3282
3284 3285
3284 3286
3284 3287
3281 3285
3283 3287
3282 3286
3288 3289
3288 3290
3288 3291
3285 3289
3287 3291
3286 3290
3292 3293
3292 3294
3292 3295
3289 3293
3291 3295
3290 3294
3296 3297
3296 3298
3296 3299
3293 3297
3295 3299
3294 3298
3300 3301
3300 3302
3300 3303
3297 3301
3299 3303
3298 3302
3304 3305
3304 3306
3304 3307
3301 3305
3303 3307
3302 3306
3308 3309
3308 3310
3308 3311
3305 3309
3307 3311
3306 3310
3312 3313
3312 3314
3312 3315
3309 3313
3311 3315
3310 3314
3316 3317
3316 3318
3316 3319
3313 3317
3315 3319
3314 3318
3320 3321
3320 3322
3320 3323
3317 3321
3319 3323
3318 3322
3324 3325
3324 3326
3324 3327
3321 3325
3323 3327
3322 3326
3328 3329
3328 3330
3328 3331
3325 3329
3327 3331
3326 3330
3332 3333
3332 3334
3332 3335
3329 3333
3331 3335
3330 3334
3336 3337
3336 3338
3336 3339
3333 3337
3335 3339
3334 3338
3340 3341
3340 3342
3340 3343
3337 3341
3339 3343
3338 3342
3344 3345
3344 3346
3344 3347
3341 3345
3343 3347
3342 3346
3348 3349
3348 3350
3348 3351
3345 3349
3347 3351
3346 3350
3352 3353
3352 3354
3352 3355
3349 3353
3351 3355
3350 3354
3356 3357
3356 3358
3356 3359
3353 3357
3355 3359
3354 3358
3360 3361
3360 3362
3360 3363
3357 3361
3359 3363
3358 3362
3364 3365
3364 3366
3364 3367
3361 3365
3363 3367
3362 3366
3368 3369
3368 3370
3368 3371
3365 3369
3367 3371
3366 3370
3372 3373
3372 3374
3372 3375
3369 3373
3371 3375
3370 3374
3376 3377
3376 3378
3376 3379
3373 3377
3375 3379
3374 3378
3380 3381
3380 3382
3380 3383
3377 3381
3379 3383
3378 3382
3384 3385
3384 3386
3384 3387
3381 3385
3383 3387
3382 3386
3388 3389
3388 3390
3388 3391
3385 3389
3387 3391
3386 3390
3392 3393
3392 3394
3392 3395
3389 3393
3391 3395
3390 3394
3396 3397
3396 3398
3396 3399
3393 3397
3395 3399
3394 3398
3400 3401
3400 3402
3400 3403
3397 3401
3399 3403
3398 3402
3404 3405
3404 3406
3404 3407
3401 3405
3403 3407
3402 3406
3408 3409
3408 3410
3408 3411
3405 3409
3407 3411
3406 3410
3412 3413
3412 3414
3412 3415
3409 3413
3411 3415
3410 3414
3416 3417
3416 3418
3416 3419
3413 3417
3415 3419
3414 3418
3420 3421
3420 3422
3420 3423
3417 3421
3419 3423
3418 3422
3424 3425
3424 3426
3424 3427
3421 3425
3423 3427
3422 3426
3428 3429
3428 3430
3428 3431
3425 3429
3427 3431
3426 3430
3432 3433
3432 3434
3432 3435
3429 3433
3431 3435
3430 3434
3436 3437
3436 3438
3436 3439
3433 3437
3435 3439
3434 3438
3440 3441
3440 3442
3440 3443
3437 3441
3439 3443
3438 3442
3444 3445
3444 3446
3444 3447
3441 3445
3443 3447
3442 3446
3448 3449
3448 3450
3448 3451
3445 3449
3447 3451
3446 3450
3452 3453
3452 3454
3452 3455
3449 3453
3451 3455
3450 3454
3456 3457
3456 3458
3456 3459
3453 3457
3455 3459
3454 3458
3460 3461
3460 3462
3460 3463
3457 3461
3459 3463
3458 3462
3464 3465
3464 3466
3464 3467
3461 3465
3463 3467
3462 3466
3468 3469
3468 3470
3468 3471
3465 3469
3467 3471
3466 3470
3472 3473
3472 3474
3472 3475
3469 3473
3471 3475
3470 3474
3476 3477
3476 3478
3476 3479
3473 3477
3475 3479
3474 3478
3480 3481
3480 3482
3480 3483
3477 3481
3479 3483
3478 3482
3484 3485
3484 3486
3484 3487
3481 3485
3483 3487
3482 3486
3488 3489
3488 3490
3488 3491
3485 3489
3487 3491
3486 3490
3492 3493
3492 3494
3492 3495
3489 3493
3491 3495
3490 3494
3496 3497
3496 3498
3496 3499
3493 3497
3495 3499
3494 3498
3500 3501
3500 3502
3500 3503
3497 3501
3499 3503
3498 3502
3504 3505
3504 3506
3504 3507
3501 3505
3503 3507
3502 3506
3508 3509
3508 3510
3508 3511
3505 3509
3507 3511
3506 3510
3512 3513
3512 3514
3512 3515
3509 3513
3511 3515
3510 3514
3516 3517
3516 3518
3516 3519
3513 3517
3515 3519
3514 3518
3520 3521
3520 3522
3520 3523
3517 3521
3519 3523
3518 3522
3524 3525
3524 3526
3524 3527
3521 3525
3523 3527
3522 3526
3528 3529
3528 3530
3528 3531
3525 3529
3527 3531
3526 3530
3532 3533
3532 3534
3532 3535
3529 3533
3531 3535
3530 3534
3536 3537
3536 3538
3536 3539
3533 3537
3535 3539
3534 3538
3540 3541
3540 3542
3540 3543
3537 3541
3539 3543
3538 3542
3544 3545
3544 3546
3544 3547
3541 3545
3543 3547
3542 3546
3548 3549
3548 3550
3548 3551
3545 3549
3547 3551
3546 3550
3552 3553
3552 3554
3552 3555
3549 3553
3551 3555
3550 3554
3556 3557
3556 3558
3556 3559
3553 3557
3555 3559
3554 3558
3560 3561
3560 3562
3560 3563
3557 3561
3559 3563
3558 3562
3564 3565
3564 3566
3564 3567
3561 3565
3563 3567
3562 3566
3568 3569
3568 3570
3568 3571
3565 3569
3567 3571
3566 3570
3572 3573
3572 3574
3572 3575
3569 3573
3571 3575
3570 3574
3576 3577
3576 3578
3576 3579
3573 3577
3575 3579
3574 3578
3580 3581
3580 3582
3580 3583
3577 3581
3579 3583
3578 3582
3584 3585
3584 3586
3584 3587
3581 3585
3583 3587
3582 3586
3588 3589
3588 3590
3588 3591
3585 3589
3587 3591
3586 3590
3592 3593
3592 3594
3592 3595
3589 3593
3591 3595
3590 3594
3596 3597
3596 3598
3596 3599
3593 3597
3595 3599
3594 3598
3600 3601
3600 3602
3600 3603
3597 3601
3599 3603
3598 3602
3604 3605
3604 3606
3604 3607
3601 3605
3603 3607
3602 3606
3608 3609
3608 3610
3608 3611
3605 3609
3607 3611
3606 3610
3612 3613
3612 3614
3612 3615
3609 3613
3611 3615
3610 3614
3616 3617
3616 3618
3616 3619
3613 3617
3615 3619
3614 3618
3620 3621
3620 3622
3620 3623
3617 3621
3619 3623
3618 3622
3624 3625
3624 3626
3624 3627
3621 3625
3623 3627
3622 3626
3628 3629
3628 3630
3628 3631
3625 3629
3627 3631
3626 3630
3632 3633
3632 3634
3632 3635
3629 3633
3631 3635
3630 3634
3636 3637
3636 3638
3636 3639
3633 3637
3635 3639
3634 3638
3640 3641
3640 3642
3640 3643
3637 3641
3639 3643
3638 3642
3644 3645
3644 3646
3644 3647
3641 3645
3643 3647
3642 3646
3648 3649
3648 3650
3648 3651
3645 3649
3647 3651
3646 3650
3652 3653
3652 3654
3652 3655
3649 3653
3651 3655
3650 3654
3656 3657
3656 3658
3656 3659
3653 3657
3655 3659
3654 3658
3660 3661
3660 3662
3660 3663
3657 3661
3659 3663
3658 3662
3664 3665
3664 3666
3664 3667
3661 3665
3663 3667
3662 3666
3668 3669
3668 3670
3668 3671
3665 3669
3667 3671
3666 3670
3672 3673
3672 3674
3672 3675
3669 3673
3671 3675
3670 3674
3676 3677
3676 3678
3676 3679
3673 3677
3675 3679
3674 3678
3680 3681
3680 3682
3680 3683
3677 3681
3679 3683
3678 3682
3684 3685
3684 3686
3684 3687
3681 3685
3683 3687
3682 3686
3688 3689
3688 3690
3688 3691
3685 3689
3687 3691
3686 3690
3692 3693
3692 3694
3692 3695
3689 3693
3691 3695
3690 3694
3696 3697
3696 3698
3696 3699
3693 3697
3695 3699
3694 3698
3700 3701
3700 3702
3700 3703
3697 3701
3699 3703
3698 3702
3704 3705
3704 3706
3704 3707
3701 3705
3703 3707
3702 3706
3708 3709
3708 3710
3708 3711
3705 3709
3707 3711
3706 3710
3712 3713
3712 3714
3712 3715
3709 3713
3711 3715
3710 3714
3716 3717
3716 3718
3716 3719
3713 3717
3715 3719
3714 3718
3720 3721
3720 3722
3720 3723
3717 3721
3719 3723
3718 3722
3724 3725
3724 3726
3724 3727
3721 3725
3723 3727
3722 3726
3728 3729
3728 3730
3728 3731
3725 3729
3727 3731
3726 3730
3732 3733
3732 3734
3732 3735
3729 3733
3731 3735
3730 3734
3736 3737
3736 3738
3736 3739
3733 3737
3735 3739
3734 3738
3740 3741
3740 3742
3740 3743
3737 3741
3739 3743
3738 3742
3744 3745
3744 3746
3744 3747
3741 3745
3743 3747
3742 3746
3748 3749
3748 3750
3748 3751
3745 3749
3747 3751
3746 3750
3752 3753
3752 3754
3752 3755
3749 3753
3751 3755
3750 3754
3756 3757
3756 3758
3756 3759
3753 3757
3755 3759
3754 3758
3760 3761
3760 3762
3760 3763
3757 3761
3759 3763
3758 3762
3764 3765
3764 3766
3764 3767
3761 3765
3763 3767
3762 3766
3768 3769
3768 3770
3768 3771
3765 3769
3767 3771
3766 3770
3772 3773
3772 3774
3772 3775
3769 3773
3771 3775
3770 3774
3776 3777
3776 3778
3776 3779
3773 3777
3775 3779
3774 3778
3780 3781
3780 3782
3780 3783
3777 3781
3779 3783
3778 3782
3784 3785
3784 3786
3784 3787
3781 3785
3783 3787
3782 3786
3788 3789
3788 3790
3788 3791
3785 3789
3787 3791
3786 3790
3792 3793
3792 3794
3792 3795
3789 3793
3791 3795
3790 3794
3796 3797
3796 3798
3796 3799
3793 3797
3795 3799
3794 3798
3800 3801
3800 3802
3800 3803
3797 3801
3799 3803
3798 3802
3804 3805
3804 3806
3804 3807
3801 3805
3803 3807
3802 3806
3808 3809
3808 3810
3808 3811
3805 3809
3807 3811
3806 3810
3812 3813
3812 3814
3812 3815
3809 3813
3811 3815
3810 3814
3816 3817
3816 3818
3816 3819
3813 3817
3815 3819
3814 3818
3820 3821
3820 3822
3820 3823
3817 3821
3819 3823
3818 3822
3824 3825
3824 3826
3824 3827
3821 3825
3823 3827
3822 3826
3828 3829
3828 3830
3828 3831
3825 3829
3827 3831
3826 3830
3832 3833
3832 3834
3832 3835
3829 3833
3831 3835
3830 3834
3836 3837
3836 3838
3836 3839
3833 3837
3835 3839
3834 3838
3840 3841
3840 3842
3840 3843
3837 3841
3839 3843
3838 3842
3844 3845
3844 3846
3844 3847
3841 3845
3843 3847
3842 3846
3848 3849
3848 3850
3848 3851
3845 3849
3847 3851
3846 3850
3852 3853
3852 3854
3852 3855
3849 3853
3851 3855
3850 3854
3856 3857
3856 3858
3856 3859
3853 3857
3855 3859
3854 3858
3860 3861
3860 3862
3860 3863
3857 3861
3859 3863
3858 3862
3864 3865
3864 3866
3864 3867
3861 3865
3863 3867
3862 3866
3868 3869
3868 3870
3868 3871
3865 3869
3867 3871
3866 3870
3872 3873
3872 3874
3872 3875
3869 3873
3871 3875
3870 3874
3876 3877
3876 3878
3876 3879
3873 3877
3875 3879
3874 3878
3880 3881
3880 3882
3880 3883
3877 3881
3879 3883
3878 3882
3884 3885
3884 3886
3884 3887
3881 3885
3883 3887
3882 3886
3888 3889
3888 3890
3888 3891
3885 3889
3887 3891
3886 3890
3892 3893
3892 3894
3892 3895
3889 3893
3891 3895
3890 3894
3896 3897
3896 3898
3896 3899
3893 3897
3895 3899
3894 3898
3900 3901
3900 3902
3900 3903
3897 3901
3899 3903
3898 3902
3904 3905
3904 3906
3904 3907
3901 3905
3903 3907
3902 3906
3908 3909
3908 3910
3908 3911
3905 3909
3907 3911
3906 3910
3912 3913
3912 3914
3912 3915
3909 3913
3911 3915
3910 3914
3916 3917
3916 3918
3916 3919
3913 3917
3915 3919
3914 3918
3920 3921
3920 3922
3920 3923
3917 3921
3919 3923
3918 3922
3924 3925
3924 3926
3924 3927
3921 3925
3923 3927
3922 3926
3928 3929
3928 3930
3928 3931
3925 3929
3927 3931
3926 3930
3932 3933
3932 3934
3932 3935
3929 3933
3931 3935
3930 3934
3936 3937
3936 3938
3936 3939
3933 3937
3935 3939
3934 3938
3940 3941
3940 3942
3940 3943
3937 3941
3939 3943
3938 3942
3944 3945
3944 3946
3944 3947
3941 3945
3943 3947
3942 3946
3948 3949
3948 3950
3948 3951
3945 3949
3947 3951
3946 3950
3952 3953
3952 3954
3952 3955
3949 3953
3951 3955
3950 3954
3956 3957
3956 3958
3956 3959
3953 3957
3955 3959
3954 3958
3960 3961
3960 3962
3960 3963
3957 3961
3959 3963
3958 3962
3964 3965
3964 3966
3964 3967
3961 3965
3963 3967
3962 3966
3968 3969
3968 3970
3968 3971
3965 3969
3967 3971
3966 3970
3972 3973
3972 3974
3972 3975
3969 3973
3971 3975
3970 3974
3976 3977
3976 3978
3976 3979
3973 3977
3975 3979
3974 3978
3980 3981
3980 3982
3980 3983
3977 3981
3979 3983
3978 3982
3984 3985
3984 3986
3984 3987
3981 3985
3983 3987
3982 3986
3988 3989
3988 3990
3988 3991
3985 3989
3987 3991
3986 3990
3992 3993
3992 3994
3992 3995
3989 3993
3991 3995
3990 3994
3996 3997
3996 3998
3996 3999
3993 3997
3995 3999
3994 3998
4000 4001
4000 4002
4000 4003
3997 4001
3999 4003
3998 4002
4004 4005
4004 4006
4004 4007
4001 4005
4003 4007
4002 4006
4008 4009
4008 4010
4008 4011
4005 4009
4007 4011
4006 4010
4012 4013
4012 4014
4012 4015
4009 4013
4011 4015
4010 4014
4016 4017
4016 4018
4016 4019
4013 4017
4015 4019
4014 4018
4020 4021
4020 4022
4020 4023
4017 4021
4019 4023
4018 4022
4024 4025
4024 4026
4024 4027
4021 4025
4023 4027
4022 4026
4028 4029
4028 4030
4028 4031
4025 4029
4027 4031
4026 4030
4032 4033
4032 4034
4032 4035
4029 4033
4031 4035
4030 4034
4036 4037
4036 4038
4036 4039
4033 4037
4035 4039
4034 4038
4040 4041
4040 4042
4040 4043
4037 4041
4039 4043
4038 4042
4044 4045
4044 4046
4044 4047
4041 4045
4043 4047
4042 4046
4048 4049
4048 4050
4048 4051
4045 4049
4047 4051
4046 4050
4052 4053
4052 4054
4052 4055
4049 4053
4051 4055
4050 4054
4056 4057
4056 4058
4056 4059
4053 4057
4055 4059
4054 4058
4060 4061
4060 4062
4060 4063
4057 4061
4059 4063
4058 4062
4064 4065
4064 4066
4064 4067
4061 4065
4063 4067
4062 4066
4068 4069
4068 4070
4068 4071
4065 4069
4067 4071
4066 4070
4072 4073
4072 4074
4072 4075
4069 4073
4071 4075
4070 4074
4076 4077
4076 4078
4076 4079
4073 4077
4075 4079
4074 4078
4080 4081
4080 4082
4080 4083
4077 4081
4079 4083
4078 4082
4084 4085
4084 4086
4084 4087
4081 4085
4083 4087
4082 4086
4088 4089
4088 4090
4088 4091
4085 4089
4087 4091
4086 4090
4092 4093
4092 4094
4092 4095
4089 4093
4091 4095
4090 4094
4096 4097
4096 4098
4096 4099
4093 4097
4095 4099
4094 4098
4100 4101
4100 4102
4100 4103
4097 4101
4099 4103
4098 4102
4104 4105
4104 4106
4104 4107
4101 4105
4103 4107
4102 4106
4108 4109
4108 4110
4108 4111
4105 4109
4107 4111
4106 4110
4112 4113
4112 4114
4112 4115
4109 4113
4111 4115
4110 4114
4116 4117
4116 4118
4116 4119
4113 4117
4115 4119
4114 4118
4120 4121
4120 4122
4120 4123
4117 4121
4119 4123
4118 4122
4124 4125
4124 4126
4124 4127
4121 4125
4123 4127
4122 4126
4128 4129
4128 4130
4128 4131
4125 4129
4127 4131
4126 4130
4132 4133
4132 4134
4132 4135
4129 4133
4131 4135
4130 4134
4136 4137
4136 4138
4136 4139
4133 4137
4135 4139
4134 4138
4140 4141
4140 4142
4140 4143
4137 4141
4139 4143
4138 4142
4144 4145
4144 4146
4144 4147
4141 4145
4143 4147
4142 4146
4148 4149
4148 4150
4148 4151
4145 4149
4147 4151
4146 4150
4152 4153
4152 4154
4152 4155
4149 4153
4151 4155
4150 4154
4156 4157
4156 4158
4156 4159
4153 4157
4155 4159
4154 4158
4160 4161
4160 4162
4160 4163
4157 4161
4159 4163
4158 4162
4164 4165
4164 4166
4164 4167
4161 4165
4163 4167
4162 4166
4168 4169
4168 4170
4168 4171
4165 4169
4167 4171
4166 4170
4172 4173
4172 4174
4172 4175
4169 4173
4171 4175
4170 4174
4176 4177
4176 4178
4176 4179
4173 4177
4175 4179
4174 4178
4180 4181
4180 4182
4180 4183
4177 4181
4179 4183
4178 4182
4184 4185
4184 4186
4184 4187
4181 4185
4183 4187
4182 4186
4188 4189
4188 4190
4188 4191
4185 4189
4187 4191
4186 4190
4192 4193
4192 4194
4192 4195
4189 4193
4191 4195
4190 4194
4196 4197
4196 4198
4196 4199
4193 4197
4195 4199
4194 4198
4200 4201
4200 4202
4200 4203
4197 4201
4199 4203
4198 4202
4204 4205
4204 4206
4204 4207
4201 4205
4203 4207
4202 4206
4208 4209
4208 4210
4208 4211
4205 4209
4207 4211
4206 4210
4212 4213
4212 4214
4212 4215
4209 4213
4211 4215
4210 4214
4216 4217
4216 4218
4216 4219
4213 4217
4215 4219
4214 4218
4220 4221
4220 4222
4220 4223
4217 4221
4219 4223
4218 4222
4224 4225
4224 4226
4224 4227
4221 4225
4223 4227
4222 4226
4228 4229
4228 4230
4228 4231
4225 4229
4227 4231
4226 4230
4232 4233
4232 4234
4232 4235
4229 4233
4231 4235
4230 4234
4236 4237
4236 4238
4236 4239
4233 4237
4235 4239
4234 4238
4240 4241
4240 4242
4240 4243
4237 4241
4239 4243
4238 4242
4244 4245
4244 4246
4244 4247
4241 4245
4243 4247
4242 4246
4248 4249
4248 4250
4248 4251
4245 4249
4247 4251
4246 4250
4252 4253
4252 4254
4252 4255
4249 4253
4251 4255
4250 4254
4256 4257
4256 4258
4256 4259
4253 4257
4255 4259
4254 4258
4260 4261
4260 4262
4260 4263
4257 4261
4259 4263
4258 4262
4264 4265
4264 4266
4264 4267
4261 4265
4263 4267
4262 4266
4268 4269
4268 4270
4268 4271
4265 4269
4267 4271
4266 4270
4272 4273
4272 4274
4272 4275
4269 4273
4271 4275
4270 4274
4276 4277
4276 4278
4276 4279
4273 4277
4275 4279
4274 4278
4280 4281
4280 4282
4280 4283
4277 4281
4279 4283
4278 4282
4284 4285
4284 4286
4284 4287
4281 4285
4283 4287
4282 4286
4288 4289
4288 4290
4288 4291
4285 4289
4287 4291
4286 4290
4292 4293
4292 4294
4292 4295
4289 4293
4291 4295
4290 4294
4296 4297
4296 4298
4296 4299
4293 4297
4295 4299
4294 4298
4300 4301
4300 4302
4300 4303
4297 4301
4299 4303
4298 4302
4304 4305
4304 4306
4304 4307
4301 4305
4303 4307
4302 4306
4308 4309
4308 4310
4308 4311
4305 4309
4307 4311
4306 4310
4312 4313
4312 4314
4312 4315
4309 4313
4311 4315
4310 4314
4316 4317
4316 4318
4316 4319
4313 4317
4315 4319
4314 4318
4320 4321
4320 4322
4320 4323
4317 4321
4319 4323
4318 4322
4324 4325
4324 4326
4324 4327
4321 4325
4323 4327
4322 4326
4328 4329
4328 4330
4328 4331
4325 4329
4327 4331
4326 4330
4332 4333
4332 4334
4332 4335
4329 4333
4331 4335
4330 4334
4336 4337
4336 4338
4336 4339
4333 4337
4335 4339
4334 4338
4340 4341
4340 4342
4340 4343
4337 4341
4339 4343
4338 4342
4344 4345
4344 4346
4344 4347
4341 4345
4343 4347
4342 4346
4348 4349
4348 4350
4348 4351
4345 4349
4347 4351
4346 4350
4352 4353
4352 4354
4352 4355
4349 4353
4351 4355
4350 4354
4356 4357
4356 4358
4356 4359
4353 4357
4355 4359
4354 4358
4360 4361
4360 4362
4360 4363
4357 4361
4359 4363
4358 4362
4364 4365
4364 4366
4364 4367
4361 4365
4363 4367
4362 4366
4368 4369
4368 4370
4368 4371
4365 4369
4367 4371
4366 4370
4372 4373
4372 4374
4372 4375
4369 4373
4371 4375
4370 4374
4376 4377
4376 4378
4376 4379
4373 4377
4375 4379
4374 4378
4380 4381
4380 4382
4380 4383
4377 4381
4379 4383
4378 4382
4384 4385
4384 4386
4384 4387
4381 4385
4383 4387
4382 4386
4388 4389
4388 4390
4388 4391
4385 4389
4387 4391
4386 4390
4392 4393
4392 4394
4392 4395
4389 4393
4391 4395
4390 4394
4396 4397
4396 4398
4396 4399
4393 4397
4395 4399
4394 4398
4400 4401
4400 4402
4400 4403
4397 4401
4399 4403
4398 4402
4404 4405
4404 4406
4404 4407
4401 4405
4403 4407
4402 4406
4408 4409
4408 4410
4408 4411
4405 4409
4407 4411
4406 4410
4412 4413
4412 4414
4412 4415
4409 4413
4411 4415
4410 4414
4416 4417
4416 4418
4416 4419
4413 4417
4415 4419
4414 4418
4420 4421
4420 4422
4420 4423
4417 4421
4419 4423
4418 4422
4424 4425
4424 4426
4424 4427
4421 4425
4423 4427
4422 4426
4428 4429
4428 4430
4428 4431
4425 4429
4427 4431
4426 4430
4432 4433
4432 4434
4432 4435
4429 4433
4431 4435
4430 4434
4436 4437
4436 4438
4436 4439
4433 4437
4435 4439
4434 4438
4440 4441
4440 4442
4440 4443
4437 4441
4439 4443
4438 4442
4444 4445
4444 4446
4444 4447
4441 4445
4443 4447
4442 4446
4448 4449
4448 4450
4448 4451
4445 4449
4447 4451
4446 4450
4452 4453
4452 4454
4452 4455
4449 4453
4451 4455
4450 4454
4456 4457
4456 4458
4456 4459
4453 4457
4455 4459
4454 4458
4460 4461
4460 4462
4460 4463
4457 4461
4459 4463
4458 4462
4464 4465
4464 4466
4464 4467
4461 4465
4463 4467
4462 4466
4468 4469
4468 4470
4468 4471
4465 4469
4467 4471
4466 4470
4472 4473
4472 4474
4472 4475
4469 4473
4471 4475
4470 4474
4476 4477
4476 4478
4476 4479
4473 4477
4475 4479
4474 4478
4480 4481
4480 4482
4480 4483
4477 4481
4479 4483
4478 4482
4484 4485
4484 4486
4484 4487
4481 4485
4483 4487
4482 4486
4488 4489
4488 4490
4488 4491
4485 4489
4487 4491
4486 4490
4492 4493
4492 4494
4492 4495
4489 4493
4491 4495
4490 4494
4496 4497
4496 4498
4496 4499
4493 4497
4495 4499
4494 4498
4500 4501
4500 4502
4500 4503
4497 4501
4499 4503
4498 4502
4504 4505
4504 4506
4504 4507
4501 4505
4503 4507
4502 4506
4508 4509
4508 4510
4508 4511
4505 4509
4507 4511
4506 4510
4512 4513
4512 4514
4512 4515
4509 4513
4511 4515
4510 4514
4516 4517
4516 4518
4516 4519
4513 4517
4515 4519
4514 4518
4520 4521
4520 4522
4520 4523
4517 4521
4519 4523
4518 4522
4524 4525
4524 4526
4524 4527
4521 4525
4523 4527
4522 4526
4528 4529
4528 4530
4528 4531
4525 4529
4527 4531
4526 4530
4532 4533
4532 4534
4532 4535
4529 4533
4531 4535
4530 4534
4536 4537
4536 4538
4536 4539
4533 4537
4535 4539
4534 4538
4540 4541
4540 4542
4540 4543
4537 4541
4539 4543
4538 4542
4544 4545
4544 4546
4544 4547
4541 4545
4543 4547
4542 4546
4548 4549
4548 4550
4548 4551
4545 4549
4547 4551
4546 4550
4552 4553
4552 4554
4552 4555
4549 4553
4551 4555
4550 4554
4556 4557
4556 4558
4556 4559
4553 4557
4555 4559
4554 4558
4560 4561
4560 4562
4560 4563
4557 4561
4559 4563
4558 4562
4564 4565
4564 4566
4564 4567
4561 4565
4563 4567
4562 4566
4568 4569
4568 4570
4568 4571
4565 4569
4567 4571
4566 4570
4572 4573
4572 4574
4572 4575
4569 4573
4571 4575
4570 4574
4576 4577
4576 4578
4576 4579
4573 4577
4575 4579
4574 4578
4580 4581
4580 4582
4580 4583
4577 4581
4579 4583
4578 4582
4584 4585
4584 4586
4584 4587
4581 4585
4583 4587
4582 4586
4588 4589
4588 4590
4588 4591
4585 4589
4587 4591
4586 4590
4592 4593
4592 4594
4592 4595
4589 4593
4591 4595
4590 4594
4596 4597
4596 4598
4596 4599
4593 4597
4595 4599
4594 4598
4600 4601
4600 4602
4600 4603
4597 4601
4599 4603
4598 4602
4604 4605
4604 4606
4604 4607
4601 4605
4603 4607
4602 4606
4608 4609
4608 4610
4608 4611
4605 4609
4607 4611
4606 4610
4612 4613
4612 4614
4612 4615
4609 4613
4611 4615
4610 4614
4616 4617
4616 4618
4616 4619
4613 4617
4615 4619
4614 4618
4620 4621
4620 4622
4620 4623
4617 4621
4619 4623
4618 4622
4624 4625
4624 4626
4624 4627
4621 4625
4623 4627
4622 4626
4628 4629
4628 4630
4628 4631
4625 4629
4627 4631
4626 4630
4632 4633
4632 4634
4632 4635
4629 4633
4631 4635
4630 4634
4636 4637
4636 4638
4636 4639
4633 4637
4635 4639
4634 4638
4640 4641
4640 4642
4640 4643
4637 4641
4639 4643
4638 4642
4644 4645
4644 4646
4644 4647
4641 4645
4643 4647
4642 4646
4648 4649
4648 4650
4648 4651
4645 4649
4647 4651
4646 4650
4652 4653
4652 4654
4652 4655
4649 4653
4651 4655
4650 4654
4656 4657
4656 4658
4656 4659
4653 4657
4655 4659
4654 4658
4660 4661
4660 4662
4660 4663
4657 4661
4659 4663
4658 4662
4664 4665
4664 4666
4664 4667
4661 4665
4663 4667
4662 4666
4668 4669
4668 4670
4668 4671
4665 4669
4667 4671
4666 4670
4672 4673
4672 4674
4672 4675
4669 4673
4671 4675
4670 4674
4676 4677
4676 4678
4676 4679
4673 4677
4675 4679
4674 4678
4680 4681
4680 4682
4680 4683
4677 4681
4679 4683
4678 4682
4684 4685
4684 4686
4684 4687
4681 4685
4683 4687
4682 4686
4688 4689
4688 4690
4688 4691
4685 4689
4687 4691
4686 4690
4692 4693
4692 4694
4692 4695
4689 4693
4691 4695
4690 4694
4696 4697
4696 4698
4696 4699
4693 4697
4695 4699
4694 4698
4700 4701
4700 4702
4700 4703
4697 4701
4699 4703
4698 4702
4704 4705
4704 4706
4704 4707
4701 4705
4703 4707
4702 4706
4708 4709
4708 4710
4708 4711
4705 4709
4707 4711
4706 4710
4712 4713
4712 4714
4712 4715
4709 4713
4711 4715
4710 4714
4716 4717
4716 4718
4716 4719
4713 4717
4715 4719
4714 4718
4720 4721
4720 4722
4720 4723
4717 4721
4719 4723
4718 4722
4724 4725
4724 4726
4724 4727
4721 4725
4723 4727
4722 4726
4728 4729
4728 4730
4728 4731
4725 4729
4727 4731
4726 4730
4732 4733
4732 4734
4732 4735
4729 4733
4731 4735
4730 4734
4736 4737
4736 4738
4736 4739
4733 4737
4735 4739
4734 4738
4740 4741
4740 4742
4740 4743
4737 4741
4739 4743
4738 4742
4744 4745
4744 4746
4744 4747
4741 4745
4743 4747
4742 4746
4748 4749
4748 4750
4748 4751
4745 4749
4747 4751
4746 4750
4752 4753
4752 4754
4752 4755
4749 4753
4751 4755
4750 4754
4756 4757
4756 4758
4756 4759
4753 4757
4755 4759
4754 4758
4760 4761
4760 4762
4760 4763
4757 4761
4759 4763
4758 4762
4764 4765
4764 4766
4764 4767
4761 4765
4763 4767
4762 4766
4768 4769
4768 4770
4768 4771
4765 4769
4767 4771
4766 4770
4772 4773
4772 4774
4772 4775
4769 4773
4771 4775
4770 4774
4776 4777
4776 4778
4776 4779
4773 4777
4775 4779
4774 4778
4780 4781
4780 4782
4780 4783
4777 4781
4779 4783
4778 4782
4784 4785
4784 4786
4784 4787
4781 4785
4783 4787
4782 4786
4788 4789
4788 4790
4788 4791
4785 4789
4787 4791
4786 4790
4792 4793
4792 4794
4792 4795
4789 4793
4791 4795
4790 4794
4796 4797
4796 4798
4796 4799
4793 4797
4795 4799
4794 4798
4800 4801
4800 4802
4800 4803
4797 4801
4799 4803
4798 4802
4804 4805
4804 4806
4804 4807
4801 4805
4803 4807
4802 4806
4808 4809
4808 4810
4808 4811
4805 4809
4807 4811
4806 4810
4812 4813
4812 4814
4812 4815
4809 4813
4811 4815
4810 4814
4816 4817
4816 4818
4816 4819
4813 4817
4815 4819
4814 4818
4820 4821
4820 4822
4820 4823
4817 4821
4819 4823
4818 4822
4824 4825
4824 4826
4824 4827
4821 4825
4823 4827
4822 4826
4828 4829
4828 4830
4828 4831
4825 4829
4827 4831
4826 4830
4832 4833
4832 4834
4832 4835
4829 4833
4831 4835
4830 4834
4836 4837
4836 4838
4836 4839
4833 4837
4835 4839
4834 4838
4840 4841
4840 4842
4840 4843
4837 4841
4839 4843
4838 4842
4844 4845
4844 4846
4844 4847
4841 4845
4843 4847
4842 4846
4848 4849
4848 4850
4848 4851
4845 4849
4847 4851
4846 4850
4852 4853
4852 4854
4852 4855
4849 4853
4851 4855
4850 4854
4856 4857
4856 4858
4856 4859
4853 4857
4855 4859
4854 4858
4860 4861
4860 4862
4860 4863
4857 4861
4859 4863
4858 4862
4864 4865
4864 4866
4864 4867
4861 4865
4863 4867
4862 4866
4868 4869
4868 4870
4868 4871
4865 4869
4867 4871
4866 4870
4872 4873
4872 4874
4872 4875
4869 4873
4871 4875
4870 4874
4876 4877
4876 4878
4876 4879
4873 4877
4875 4879
4874 4878
4880 4881
4880 4882
4880 4883
4877 4881
4879 4883
4878 4882
4884 4885
4884 4886
4884 4887
4881 4885
4883 4887
4882 4886
4888 4889
4888 4890
4888 4891
4885 4889
4887 4891
4886 4890
4892 4893
4892 4894
4892 4895
4889 4893
4891 4895
4890 4894
4896 4897
4896 4898
4896 4899
4893 4897
4895 4899
4894 4898
4900 4901
4900 4902
4900 4903
4897 4901
4899 4903
4898 4902
4904 4905
4904 4906
4904 4907
4901 4905
4903 4907
4902 4906
4908 4909
4908 4910
4908 4911
4905 4909
4907 4911
4906 4910
4912 4913
4912 4914
4912 4915
4909 4913
4911 4915
4910 4914
4916 4917
4916 4918
4916 4919
4913 4917
4915 4919
4914 4918
4920 4921
4920 4922
4920 4923
4917 4921
4919 4923
4918 4922
4924 4925
4924 4926
4924 4927
4921 4925
4923 4927
4922 4926
4928 4929
4928 4930
4928 4931
4925 4929
4927 4931
4926 4930
4932 4933
4932 4934
4932 4935
4929 4933
4931 4935
4930 4934
4936 4937
4936 4938
4936 4939
4933 4937
4935 4939
4934 4938
4940 4941
4940 4942
4940 4943
4937 4941
4939 4943
4938 4942
4944 4945
4944 4946
4944 4947
4941 4945
4943 4947
4942 4946
4948 4949
4948 4950
4948 4951
4945 4949
4947 4951
4946 4950
4952 4953
4952 4954
4952 4955
4949 4953
4951 4955
4950 4954
4956 4957
4956 4958
4956 4959
4953 4957
4955 4959
4954 4958
4960 4961
4960 4962
4960 4963
4957 4961
4959 4963
4958 4962
4964 4965
4964 4966
4964 4967
4961 4965
4963 4967
4962 4966
4968 4969
4968 4970
4968 4971
4965 4969
4967 4971
4966 4970
4972 4973
4972 4974
4972 4975
4969 4973
4971 4975
4970 4974
4976 4977
4976 4978
4976 4979
4973 4977
4975 4979
4974 4978
4980 4981
4980 4982
4980 4983
4977 4981
4979 4983
4978 4982
4984 4985
4984 4986
4984 4987
4981 4985
4983 4987
4982 4986
4988 4989
4988 4990
4988 4991
4985 4989
4987 4991
4986 4990
4992 4993
4992 4994
4992 4995
4989 4993
4991 4995
4990 4994
4996 4997
4996 4998
4996 4999
4993 4997
4995 4999
4994 4998
5000 5001
5000 1499
5000 1496
4997 5001
