5006
0 1
0 2
15 3
4832 4972
1 4
35 15
4 5
2 6
4969 3
6 7
5 8
7 8
4 9
5 10
9 10
8 11
10 11
6 12
7 13
12 13
8 14
13 14
63 35
4897 63
9 16
10 17
16 17
11 18
17 18
99 63
18 19
12 20
13 21
20 21
14 22
21 22
4898 35
22 23
19 24
23 24
16 25
17 26
25 26
18 27
26 27
19 28
27 28
24 29
28 29
20 30
21 31
30 31
22 32
31 32
23 33
32 33
24 34
33 34
143 99
4895 143
25 36
26 37
36 37
27 38
37 38
28 39
38 39
29 40
39 40
195 143
40 41
30 42
31 43
42 43
32 44
43 44
33 45
44 45
34 46
45 46
4896 99
46 47
41 48
47 48
36 49
37 50
49 50
38 51
50 51
39 52
51 52
40 53
52 53
41 54
53 54
48 55
54 55
42 56
43 57
56 57
44 58
57 58
45 59
58 59
46 60
59 60
47 61
60 61
48 62
61 62
255 195
4893 255
49 64
50 65
64 65
51 66
65 66
52 67
66 67
53 68
67 68
54 69
68 69
55 70
69 70
323 255
70 71
56 72
57 73
72 73
58 74
73 74
59 75
74 75
60 76
75 76
61 77
76 77
62 78
77 78
4894 195
78 79
71 80
79 80
64 81
65 82
81 82
66 83
82 83
67 84
83 84
68 85
84 85
69 86
85 86
70 87
86 87
71 88
87 88
80 89
88 89
72 90
73 91
90 91
74 92
91 92
75 93
92 93
76 94
93 94
77 95
94 95
78 96
95 96
79 97
96 97
80 98
97 98
399 323
4891 399
81 100
82 101
100 101
83 102
101 102
84 103
102 103
85 104
103 104
86 105
104 105
87 106
105 106
88 107
106 107
89 108
107 108
483 399
108 109
90 110
91 111
110 111
92 112
111 112
93 113
112 113
94 114
113 114
95 115
114 115
96 116
115 116
97 117
116 117
98 118
117 118
4892 323
118 119
109 120
119 120
100 121
101 122
121 122
102 123
122 123
103 124
123 124
104 125
124 125
105 126
125 126
106 127
126 127
107 128
127 128
108 129
128 129
109 130
129 130
120 131
130 131
110 132
111 133
132 133
112 134
133 134
113 135
134 135
114 136
135 136
115 137
136 137
116 138
137 138
117 139
138 139
118 140
139 140
119 141
140 141
120 142
141 142
575 483
4889 575
121 144
122 145
144 145
123 146
145 146
124 147
146 147
125 148
147 148
126 149
148 149
127 150
149 150
128 151
150 151
129 152
151 152
130 153
152 153
131 154
153 154
675 575
154 155
132 156
133 157
156 157
134 158
157 158
135 159
158 159
136 160
159 160
137 161
160 161
138 162
161 162
139 163
162 163
140 164
163 164
141 165
164 165
142 166
165 166
4890 483
166 167
155 168
167 168
144 169
145 170
169 170
146 171
170 171
147 172
171 172
148 173
172 173
149 174
173 174
150 175
174 175
151 176
175 176
152 177
176 177
153 178
177 178
154 179
178 179
155 180
179 180
168 181
180 181
156 182
157 183
182 183
158 184
183 184
159 185
184 185
160 186
185 186
161 187
186 187
162 188
187 188
163 189
188 189
164 190
189 190
165 191
190 191
166 192
191 192
167 193
192 193
168 194
193 194
783 675
4887 783
169 196
170 197
196 197
171 198
197 198
172 199
198 199
173 200
199 200
174 201
200 201
175 202
201 202
176 203
202 203
177 204
203 204
178 205
204 205
179 206
205 206
180 207
206 207
181 208
207 208
899 783
208 209
182 210
183 211
210 211
184 212
211 212
185 213
212 213
186 214
213 214
187 215
214 215
188 216
215 216
189 217
216 217
190 218
217 218
191 219
218 219
192 220
219 220
193 221
220 221
194 222
221 222
4888 675
222 223
209 224
223 224
196 225
197 226
225 226
198 227
226 227
199 228
227 228
200 229
228 229
201 230
229 230
202 231
230 231
203 232
231 232
204 233
232 233
205 234
233 234
206 235
234 235
207 236
235 236
208 237
236 237
209 238
237 238
224 239
238 239
210 240
211 241
240 241
212 242
241 242
213 243
242 243
214 244
243 244
215 245
244 245
216 246
245 246
217 247
246 247
218 248
247 248
219 249
248 249
220 250
249 250
221 251
250 251
222 252
251 252
223 253
252 253
224 254
253 254
1023 899
4885 1023
225 256
226 257
256 257
227 258
257 258
228 259
258 259
229 260
259 260
230 261
260 261
231 262
261 262
232 263
262 263
233 264
263 264
234 265
264 265
235 266
265 266
236 267
266 267
237 268
267 268
238 269
268 269
239 270
269 270
1155 1023
270 271
240 272
241 273
272 273
242 274
273 274
243 275
274 275
244 276
275 276
245 277
276 277
246 278
277 278
247 279
278 279
248 280
279 280
249 281
280 281
250 282
281 282
251 283
282 283
252 284
283 284
253 285
284 285
254 286
285 286
4886 899
286 287
271 288
287 288
256 289
257 290
289 290
258 291
290 291
259 292
291 292
260 293
292 293
261 294
293 294
262 295
294 295
263 296
295 296
264 297
296 297
265 298
297 298
266 299
298 299
267 300
299 300
268 301
300 301
269 302
301 302
270 303
302 303
271 304
303 304
288 305
304 305
272 306
273 307
306 307
274 308
307 308
275 309
308 309
276 310
309 310
277 311
310 311
278 312
311 312
279 313
312 313
280 314
313 314
281 315
314 315
282 316
315 316
283 317
316 317
284 318
317 318
285 319
318 319
286 320
319 320
287 321
320 321
288 322
321 322
1295 1155
4883 1295
289 324
290 325
324 325
291 326
325 326
292 327
326 327
293 328
327 328
294 329
328 329
295 330
329 330
296 331
330 331
297 332
331 332
298 333
332 333
299 334
333 334
300 335
334 335
301 336
335 336
302 337
336 337
303 338
337 338
304 339
338 339
305 340
339 340
1443 1295
340 341
306 342
307 343
342 343
308 344
343 344
309 345
344 345
310 346
345 346
311 347
346 347
312 348
347 348
313 349
348 349
314 350
349 350
315 351
350 351
316 352
351 352
317 353
352 353
318 354
353 354
319 355
354 355
320 356
355 356
321 357
356 357
322 358
357 358
4884 1155
358 359
341 360
359 360
324 361
325 362
361 362
326 363
362 363
327 364
363 364
328 365
364 365
329 366
365 366
330 367
366 367
331 368
367 368
332 369
368 369
333 370
369 370
334 371
370 371
335 372
371 372
336 373
372 373
337 374
373 374
338 375
374 375
339 376
375 376
340 377
376 377
341 378
377 378
360 379
378 379
342 380
343 381
380 381
344 382
381 382
345 383
382 383
346 384
383 384
347 385
384 385
348 386
385 386
349 387
386 387
350 388
387 388
351 389
388 389
352 390
389 390
353 391
390 391
354 392
391 392
355 393
392 393
356 394
393 394
357 395
394 395
358 396
395 396
359 397
396 397
360 398
397 398
1599 1443
4881 1599
361 400
362 401
400 401
363 402
401 402
364 403
402 403
365 404
403 404
366 405
404 405
367 406
405 406
368 407
406 407
369 408
407 408
370 409
408 409
371 410
409 410
372 411
410 411
373 412
411 412
374 413
412 413
375 414
413 414
376 415
414 415
377 416
415 416
378 417
416 417
379 418
417 418
1763 1599
418 419
380 420
381 421
420 421
382 422
421 422
383 423
422 423
384 424
423 424
385 425
424 425
386 426
425 426
387 427
426 427
388 428
427 428
389 429
428 429
390 430
429 430
391 431
430 431
392 432
431 432
393 433
432 433
394 434
433 434
395 435
434 435
396 436
435 436
397 437
436 437
398 438
437 438
4882 1443
438 439
419 440
439 440
400 441
401 442
441 442
402 443
442 443
403 444
443 444
404 445
444 445
405 446
445 446
406 447
446 447
407 448
447 448
408 449
448 449
409 450
449 450
410 451
450 451
411 452
451 452
412 453
452 453
413 454
453 454
414 455
454 455
415 456
455 456
416 457
456 457
417 458
457 458
418 459
458 459
419 460
459 460
440 461
460 461
420 462
421 463
462 463
422 464
463 464
423 465
464 465
424 466
465 466
425 467
466 467
426 468
467 468
427 469
468 469
428 470
469 470
429 471
470 471
430 472
471 472
431 473
472 473
432 474
473 474
433 475
474 475
434 476
475 476
435 477
476 477
436 478
477 478
437 479
478 479
438 480
479 480
439 481
480 481
440 482
481 482
1935 1763
4879 1935
441 484
442 485
484 485
443 486
485 486
444 487
486 487
445 488
487 488
446 489
488 489
447 490
489 490
448 491
490 491
449 492
491 492
450 493
492 493
451 494
493 494
452 495
494 495
453 496
495 496
454 497
496 497
455 498
497 498
456 499
498 499
457 500
499 500
458 501
500 501
459 502
501 502
460 503
502 503
461 504
503 504
2115 1935
504 505
462 506
463 507
506 507
464 508
507 508
465 509
508 509
466 510
509 510
467 511
510 511
468 512
511 512
469 513
512 513
470 514
513 514
471 515
514 515
472 516
515 516
473 517
516 517
474 518
517 518
475 519
518 519
476 520
519 520
477 521
520 521
478 522
521 522
479 523
522 523
480 524
523 524
481 525
524 525
482 526
525 526
4880 1763
526 527
505 528
527 528
484 529
485 530
529 530
486 531
530 531
487 532
531 532
488 533
532 533
489 534
533 534
490 535
534 535
491 536
535 536
492 537
536 537
493 538
537 538
494 539
538 539
495 540
539 540
496 541
540 541
497 542
541 542
498 543
542 543
499 544
543 544
500 545
544 545
501 546
545 546
502 547
546 547
503 548
547 548
504 549
548 549
505 550
549 550
528 551
550 551
506 552
507 553
552 553
508 554
553 554
509 555
554 555
510 556
555 556
511 557
556 557
512 558
557 558
513 559
558 559
514 560
559 560
515 561
560 561
516 562
561 562
517 563
562 563
518 564
563 564
519 565
564 565
520 566
565 566
521 567
566 567
522 568
567 568
523 569
568 569
524 570
569 570
525 571
570 571
526 572
571 572
527 573
572 573
528 574
573 574
2303 2115
4877 2303
529 576
530 577
576 577
531 578
577 578
532 579
578 579
533 580
579 580
534 581
580 581
535 582
581 582
536 583
582 583
537 584
583 584
538 585
584 585
539 586
585 586
540 587
586 587
541 588
587 588
542 589
588 589
543 590
589 590
544 591
590 591
545 592
591 592
546 593
592 593
547 594
593 594
548 595
594 595
549 596
595 596
550 597
596 597
551 598
597 598
2499 2303
598 599
552 600
553 601
600 601
554 602
601 602
555 603
602 603
556 604
603 604
557 605
604 605
558 606
605 606
559 607
606 607
560 608
607 608
561 609
608 609
562 610
609 610
563 611
610 611
564 612
611 612
565 613
612 613
566 614
613 614
567 615
614 615
568 616
615 616
569 617
616 617
570 618
617 618
571 619
618 619
572 620
619 620
573 621
620 621
574 622
621 622
4878 2115
622 623
599 624
623 624
576 625
577 626
625 626
578 627
626 627
579 628
627 628
580 629
628 629
581 630
629 630
582 631
630 631
583 632
631 632
584 633
632 633
585 634
633 634
586 635
634 635
587 636
635 636
588 637
636 637
589 638
637 638
590 639
638 639
591 640
639 640
592 641
640 641
593 642
641 642
594 643
642 643
595 644
643 644
596 645
644 645
597 646
645 646
598 647
646 647
599 648
647 648
624 649
648 649
600 650
601 651
650 651
602 652
651 652
603 653
652 653
604 654
653 654
605 655
654 655
606 656
655 656
607 657
656 657
608 658
657 658
609 659
658 659
610 660
659 660
611 661
660 661
612 662
661 662
613 663
662 663
614 664
663 664
615 665
664 665
616 666
665 666
617 667
666 667
618 668
667 668
619 669
668 669
620 670
669 670
621 671
670 671
622 672
671 672
623 673
672 673
624 674
673 674
2703 2499
4875 2703
625 676
626 677
676 677
627 678
677 678
628 679
678 679
629 680
679 680
630 681
680 681
631 682
681 682
632 683
682 683
633 684
683 684
634 685
684 685
635 686
685 686
636 687
686 687
637 688
687 688
638 689
688 689
639 690
689 690
640 691
690 691
641 692
691 692
642 693
692 693
643 694
693 694
644 695
694 695
645 696
695 696
646 697
696 697
647 698
697 698
648 699
698 699
649 700
699 700
2915 2703
700 701
650 702
651 703
702 703
652 704
703 704
653 705
704 705
654 706
705 706
655 707
706 707
656 708
707 708
657 709
708 709
658 710
709 710
659 711
710 711
660 712
711 712
661 713
712 713
662 714
713 714
663 715
714 715
664 716
715 716
665 717
716 717
666 718
717 718
667 719
718 719
668 720
719 720
669 721
720 721
670 722
721 722
671 723
722 723
672 724
723 724
673 725
724 725
674 726
725 726
4876 2499
726 727
701 728
727 728
676 729
677 730
729 730
678 731
730 731
679 732
731 732
680 733
732 733
681 734
733 734
682 735
734 735
683 736
735 736
684 737
736 737
685 738
737 738
686 739
738 739
687 740
739 740
688 741
740 741
689 742
741 742
690 743
742 743
691 744
743 744
692 745
744 745
693 746
745 746
694 747
746 747
695 748
747 748
696 749
748 749
697 750
749 750
698 751
750 751
699 752
751 752
700 753
752 753
701 754
753 754
728 755
754 755
702 756
703 757
756 757
704 758
757 758
705 759
758 759
706 760
759 760
707 761
760 761
708 762
761 762
709 763
762 763
710 764
763 764
711 765
764 765
712 766
765 766
713 767
766 767
714 768
767 768
715 769
768 769
716 770
769 770
717 771
770 771
718 772
771 772
719 773
772 773
720 774
773 774
721 775
774 775
722 776
775 776
723 777
776 777
724 778
777 778
725 779
778 779
726 780
779 780
727 781
780 781
728 782
781 782
3135 2915
4873 3135
729 784
730 785
784 785
731 786
785 786
732 787
786 787
733 788
787 788
734 789
788 789
735 790
789 790
736 791
790 791
737 792
791 792
738 793
792 793
739 794
793 794
740 795
794 795
741 796
795 796
742 797
796 797
743 798
797 798
744 799
798 799
745 800
799 800
746 801
800 801
747 802
801 802
748 803
802 803
749 804
803 804
750 805
804 805
751 806
805 806
752 807
806 807
753 808
807 808
754 809
808 809
755 810
809 810
3363 3135
810 811
756 812
757 813
812 813
758 814
813 814
759 815
814 815
760 816
815 816
761 817
816 817
762 818
817 818
763 819
818 819
764 820
819 820
765 821
820 821
766 822
821 822
767 823
822 823
768 824
823 824
769 825
824 825
770 826
825 826
771 827
826 827
772 828
827 828
773 829
828 829
774 830
829 830
775 831
830 831
776 832
831 832
777 833
832 833
778 834
833 834
779 835
834 835
780 836
835 836
781 837
836 837
782 838
837 838
4874 2915
838 839
811 840
839 840
784 841
785 842
841 842
786 843
842 843
787 844
843 844
788 845
844 845
789 846
845 846
790 847
846 847
791 848
847 848
792 849
848 849
793 850
849 850
794 851
850 851
795 852
851 852
796 853
852 853
797 854
853 854
798 855
854 855
799 856
855 856
800 857
856 857
801 858
857 858
802 859
858 859
803 860
859 860
804 861
860 861
805 862
861 862
806 863
862 863
807 864
863 864
808 865
864 865
809 866
865 866
810 867
866 867
811 868
867 868
840 869
868 869
812 870
813 871
870 871
814 872
871 872
815 873
872 873
816 874
873 874
817 875
874 875
818 876
875 876
819 877
876 877
820 878
877 878
821 879
878 879
822 880
879 880
823 881
880 881
824 882
881 882
825 883
882 883
826 884
883 884
827 885
884 885
828 886
885 886
829 887
886 887
830 888
887 888
831 889
888 889
832 890
889 890
833 891
890 891
834 892
891 892
835 893
892 893
836 894
893 894
837 895
894 895
838 896
895 896
839 897
896 897
840 898
897 898
3599 3363
4871 3599
841 900
842 901
900 901
843 902
901 902
844 903
902 903
845 904
903 904
846 905
904 905
847 906
905 906
848 907
906 907
849 908
907 908
850 909
908 909
851 910
909 910
852 911
910 911
853 912
911 912
854 913
912 913
855 914
913 914
856 915
914 915
857 916
915 916
858 917
916 917
859 918
917 918
860 919
918 919
861 920
919 920
862 921
920 921
863 922
921 922
864 923
922 923
865 924
923 924
866 925
924 925
867 926
925 926
868 927
926 927
869 928
927 928
3843 3599
928 929
870 930
871 931
930 931
872 932
931 932
873 933
932 933
874 934
933 934
875 935
934 935
876 936
935 936
877 937
936 937
878 938
937 938
879 939
938 939
880 940
939 940
881 941
940 941
882 942
941 942
883 943
942 943
884 944
943 944
885 945
944 945
886 946
945 946
887 947
946 947
888 948
947 948
889 949
948 949
890 950
949 950
891 951
950 951
892 952
951 952
893 953
952 953
894 954
953 954
895 955
954 955
896 956
955 956
897 957
956 957
898 958
957 958
4872 3363
958 959
929 960
959 960
900 961
901 962
961 962
902 963
962 963
903 964
963 964
904 965
964 965
905 966
965 966
906 967
966 967
907 968
967 968
908 969
968 969
909 970
969 970
910 971
970 971
911 972
971 972
912 973
972 973
913 974
973 974
914 975
974 975
915 976
975 976
916 977
976 977
917 978
977 978
918 979
978 979
919 980
979 980
920 981
980 981
921 982
981 982
922 983
982 983
923 984
983 984
924 985
984 985
925 986
985 986
926 987
986 987
927 988
987 988
928 989
988 989
929 990
989 990
960 991
990 991
930 992
931 993
992 993
932 994
993 994
933 995
994 995
934 996
995 996
935 997
996 997
936 998
997 998
937 999
998 999
938 1000
999 1000
939 1001
1000 1001
940 1002
1001 1002
941 1003
1002 1003
942 1004
1003 1004
943 1005
1004 1005
944 1006
1005 1006
945 1007
1006 1007
946 1008
1007 1008
947 1009
1008 1009
948 1010
1009 1010
949 1011
1010 1011
950 1012
1011 1012
951 1013
1012 1013
952 1014
1013 1014
953 1015
1014 1015
954 1016
1015 1016
955 1017
1016 1017
956 1018
1017 1018
957 1019
1018 1019
958 1020
1019 1020
959 1021
1020 1021
960 1022
1021 1022
4095 3843
4869 4095
961 1024
962 1025
1024 1025
963 1026
1025 1026
964 1027
1026 1027
965 1028
1027 1028
966 1029
1028 1029
967 1030
1029 1030
968 1031
1030 1031
969 1032
1031 1032
970 1033
1032 1033
971 1034
1033 1034
972 1035
1034 1035
973 1036
1035 1036
974 1037
1036 1037
975 1038
1037 1038
976 1039
1038 1039
977 1040
1039 1040
978 1041
1040 1041
979 1042
1041 1042
980 1043
1042 1043
981 1044
1043 1044
982 1045
1044 1045
983 1046
1045 1046
984 1047
1046 1047
985 1048
1047 1048
986 1049
1048 1049
987 1050
1049 1050
988 1051
1050 1051
989 1052
1051 1052
990 1053
1052 1053
991 1054
1053 1054
4355 4095
1054 1055
992 1056
993 1057
1056 1057
994 1058
1057 1058
995 1059
1058 1059
996 1060
1059 1060
997 1061
1060 1061
998 1062
1061 1062
999 1063
1062 1063
1000 1064
1063 1064
1001 1065
1064 1065
1002 1066
1065 1066
1003 1067
1066 1067
1004 1068
1067 1068
1005 1069
1068 1069
1006 1070
1069 1070
1007 1071
1070 1071
1008 1072
1071 1072
1009 1073
1072 1073
1010 1074
1073 1074
1011 1075
1074 1075
1012 1076
1075 1076
1013 1077
1076 1077
1014 1078
1077 1078
1015 1079
1078 1079
1016 1080
1079 1080
1017 1081
1080 1081
1018 1082
1081 1082
1019 1083
1082 1083
1020 1084
1083 1084
1021 1085
1084 1085
1022 1086
1085 1086
4870 3843
1086 1087
1055 1088
1087 1088
1024 1089
1025 1090
1089 1090
1026 1091
1090 1091
1027 1092
1091 1092
1028 1093
1092 1093
1029 1094
1093 1094
1030 1095
1094 1095
1031 1096
1095 1096
1032 1097
1096 1097
1033 1098
1097 1098
1034 1099
1098 1099
1035 1100
1099 1100
1036 1101
1100 1101
1037 1102
1101 1102
1038 1103
1102 1103
1039 1104
1103 1104
1040 1105
1104 1105
1041 1106
1105 1106
1042 1107
1106 1107
1043 1108
1107 1108
1044 1109
1108 1109
1045 1110
1109 1110
1046 1111
1110 1111
1047 1112
1111 1112
1048 1113
1112 1113
1049 1114
1113 1114
1050 1115
1114 1115
1051 1116
1115 1116
1052 1117
1116 1117
1053 1118
1117 1118
1054 1119
1118 1119
1055 1120
1119 1120
1088 1121
1120 1121
1056 1122
1057 1123
1122 1123
1058 1124
1123 1124
1059 1125
1124 1125
1060 1126
1125 1126
1061 1127
1126 1127
1062 1128
1127 1128
1063 1129
1128 1129
1064 1130
1129 1130
1065 1131
1130 1131
1066 1132
1131 1132
1067 1133
1132 1133
1068 1134
1133 1134
1069 1135
1134 1135
1070 1136
1135 1136
1071 1137
1136 1137
1072 1138
1137 1138
1073 1139
1138 1139
1074 1140
1139 1140
1075 1141
1140 1141
1076 1142
1141 1142
1077 1143
1142 1143
1078 1144
1143 1144
1079 1145
1144 1145
1080 1146
1145 1146
1081 1147
1146 1147
1082 1148
1147 1148
1083 1149
1148 1149
1084 1150
1149 1150
1085 1151
1150 1151
1086 1152
1151 1152
1087 1153
1152 1153
1088 1154
1153 1154
4623 4355
4867 4623
1089 1156
1090 1157
1156 1157
1091 1158
1157 1158
1092 1159
1158 1159
1093 1160
1159 1160
1094 1161
1160 1161
1095 1162
1161 1162
1096 1163
1162 1163
1097 1164
1163 1164
1098 1165
1164 1165
1099 1166
1165 1166
1100 1167
1166 1167
1101 1168
1167 1168
1102 1169
1168 1169
1103 1170
1169 1170
1104 1171
1170 1171
1105 1172
1171 1172
1106 1173
1172 1173
1107 1174
1173 1174
1108 1175
1174 1175
1109 1176
1175 1176
1110 1177
1176 1177
1111 1178
1177 1178
1112 1179
1178 1179
1113 1180
1179 1180
1114 1181
1180 1181
1115 1182
1181 1182
1116 1183
1182 1183
1117 1184
1183 1184
1118 1185
1184 1185
1119 1186
1185 1186
1120 1187
1186 1187
1121 1188
1187 1188
4899 4623
1188 1189
1122 1190
1123 1191
1190 1191
1124 1192
1191 1192
1125 1193
1192 1193
1126 1194
1193 1194
1127 1195
1194 1195
1128 1196
1195 1196
1129 1197
1196 1197
1130 1198
1197 1198
1131 1199
1198 1199
1132 1200
1199 1200
1133 1201
1200 1201
1134 1202
1201 1202
1135 1203
1202 1203
1136 1204
1203 1204
1137 1205
1204 1205
1138 1206
1205 1206
1139 1207
1206 1207
1140 1208
1207 1208
1141 1209
1208 1209
1142 1210
1209 1210
1143 1211
1210 1211
1144 1212
1211 1212
1145 1213
1212 1213
1146 1214
1213 1214
1147 1215
1214 1215
1148 1216
1215 1216
1149 1217
1216 1217
1150 1218
1217 1218
1151 1219
1218 1219
1152 1220
1219 1220
1153 1221
1220 1221
1154 1222
1221 1222
4868 4355
1222 1223
1189 1224
1223 1224
1156 1225
1157 1226
1225 1226
1158 1227
1226 1227
1159 1228
1227 1228
1160 1229
1228 1229
1161 1230
1229 1230
1162 1231
1230 1231
1163 1232
1231 1232
1164 1233
1232 1233
1165 1234
1233 1234
1166 1235
1234 1235
1167 1236
1235 1236
1168 1237
1236 1237
1169 1238
1237 1238
1170 1239
1238 1239
1171 1240
1239 1240
1172 1241
1240 1241
1173 1242
1241 1242
1174 1243
1242 1243
1175 1244
1243 1244
1176 1245
1244 1245
1177 1246
1245 1246
1178 1247
1246 1247
1179 1248
1247 1248
1180 1249
1248 1249
1181 1250
1249 1250
1182 1251
1250 1251
1183 1252
1251 1252
1184 1253
1252 1253
1185 1254
1253 1254
1186 1255
1254 1255
1187 1256
1255 1256
1188 1257
1256 1257
1189 1258
1257 1258
1224 1259
1258 1259
1190 1260
1191 1261
1260 1261
1192 1262
1261 1262
1193 1263
1262 1263
1194 1264
1263 1264
1195 1265
1264 1265
1196 1266
1265 1266
1197 1267
1266 1267
1198 1268
1267 1268
1199 1269
1268 1269
1200 1270
1269 1270
1201 1271
1270 1271
1202 1272
1271 1272
1203 1273
1272 1273
1204 1274
1273 1274
1205 1275
1274 1275
1206 1276
1275 1276
1207 1277
1276 1277
1208 1278
1277 1278
1209 1279
1278 1279
1210 1280
1279 1280
1211 1281
1280 1281
1212 1282
1281 1282
1213 1283
1282 1283
1214 1284
1283 1284
1215 1285
1284 1285
1216 1286
1285 1286
1217 1287
1286 1287
1218 1288
1287 1288
1219 1289
1288 1289
1220 1290
1289 1290
1221 1291
1290 1291
1222 1292
1291 1292
1223 1293
1292 1293
1224 1294
1293 1294
5005 4899
4865 5005
1225 1296
1226 1297
1296 1297
1227 1298
1297 1298
1228 1299
1298 1299
1229 1300
1299 1300
1230 1301
1300 1301
1231 1302
1301 1302
1232 1303
1302 1303
1233 1304
1303 1304
1234 1305
1304 1305
1235 1306
1305 1306
1236 1307
1306 1307
1237 1308
1307 1308
1238 1309
1308 1309
1239 1310
1309 1310
1240 1311
1310 1311
1241 1312
1311 1312
1242 1313
1312 1313
1243 1314
1313 1314
1244 1315
1314 1315
1245 1316
1315 1316
1246 1317
1316 1317
1247 1318
1317 1318
1248 1319
1318 1319
1249 1320
1319 1320
1250 1321
1320 1321
1251 1322
1321 1322
1252 1323
1322 1323
1253 1324
1323 1324
1254 1325
1324 1325
1255 1326
1325 1326
1256 1327
1326 1327
1257 1328
1327 1328
1258 1329
1328 1329
1259 1330
1329 1330
5004 5005
1330 1331
1260 1332
1261 1333
1332 1333
1262 1334
1333 1334
1263 1335
1334 1335
1264 1336
1335 1336
1265 1337
1336 1337
1266 1338
1337 1338
1267 1339
1338 1339
1268 1340
1339 1340
1269 1341
1340 1341
1270 1342
1341 1342
1271 1343
1342 1343
1272 1344
1343 1344
1273 1345
1344 1345
1274 1346
1345 1346
1275 1347
1346 1347
1276 1348
1347 1348
1277 1349
1348 1349
1278 1350
1349 1350
1279 1351
1350 1351
1280 1352
1351 1352
1281 1353
1352 1353
1282 1354
1353 1354
1283 1355
1354 1355
1284 1356
1355 1356
1285 1357
1356 1357
1286 1358
1357 1358
1287 1359
1358 1359
1288 1360
1359 1360
1289 1361
1360 1361
1290 1362
1361 1362
1291 1363
1362 1363
1292 1364
1363 1364
1293 1365
1364 1365
1294 1366
1365 1366
4866 4899
1366 1367
1331 1368
1367 1368
1296 1369
1297 1370
1369 1370
1298 1371
1370 1371
1299 1372
1371 1372
1300 1373
1372 1373
1301 1374
1373 1374
1302 1375
1374 1375
1303 1376
1375 1376
1304 1377
1376 1377
1305 1378
1377 1378
1306 1379
1378 1379
1307 1380
1379 1380
1308 1381
1380 1381
1309 1382
1381 1382
1310 1383
1382 1383
1311 1384
1383 1384
1312 1385
1384 1385
1313 1386
1385 1386
1314 1387
1386 1387
1315 1388
1387 1388
1316 1389
1388 1389
1317 1390
1389 1390
1318 1391
1390 1391
1319 1392
1391 1392
1320 1393
1392 1393
1321 1394
1393 1394
1322 1395
1394 1395
1323 1396
1395 1396
1324 1397
1396 1397
1325 1398
1397 1398
1326 1399
1398 1399
1327 1400
1399 1400
1328 1401
1400 1401
1329 1402
1401 1402
1330 1403
1402 1403
1331 1404
1403 1404
1368 1405
1404 1405
1332 1406
1333 1407
1406 1407
1334 1408
1407 1408
1335 1409
1408 1409
1336 1410
1409 1410
1337 1411
1410 1411
1338 1412
1411 1412
1339 1413
1412 1413
1340 1414
1413 1414
1341 1415
1414 1415
1342 1416
1415 1416
1343 1417
1416 1417
1344 1418
1417 1418
1345 1419
1418 1419
1346 1420
1419 1420
1347 1421
1420 1421
1348 1422
1421 1422
1349 1423
1422 1423
1350 1424
1423 1424
1351 1425
1424 1425
1352 1426
1425 1426
1353 1427
1426 1427
1354 1428
1427 1428
1355 1429
1428 1429
1356 1430
1429 1430
1357 1431
1430 1431
1358 1432
1431 1432
1359 1433
1432 1433
1360 1434
1433 1434
1361 1435
1434 1435
1362 1436
1435 1436
1363 1437
1436 1437
1364 1438
1437 1438
1365 1439
1438 1439
1366 1440
1439 1440
1367 1441
1440 1441
1368 1442
1441 1442
5003 5004
4863 5003
1369 1444
1370 1445
1444 1445
1371 1446
1445 1446
1372 1447
1446 1447
1373 1448
1447 1448
1374 1449
1448 1449
1375 1450
1449 1450
1376 1451
1450 1451
1377 1452
1451 1452
1378 1453
1452 1453
1379 1454
1453 1454
1380 1455
1454 1455
1381 1456
1455 1456
1382 1457
1456 1457
1383 1458
1457 1458
1384 1459
1458 1459
1385 1460
1459 1460
1386 1461
1460 1461
1387 1462
1461 1462
1388 1463
1462 1463
1389 1464
1463 1464
1390 1465
1464 1465
1391 1466
1465 1466
1392 1467
1466 1467
1393 1468
1467 1468
1394 1469
1468 1469
1395 1470
1469 1470
1396 1471
1470 1471
1397 1472
1471 1472
1398 1473
1472 1473
1399 1474
1473 1474
1400 1475
1474 1475
1401 1476
1475 1476
1402 1477
1476 1477
1403 1478
1477 1478
1404 1479
1478 1479
1405 1480
1479 1480
5002 5003
1480 1481
1406 1482
1407 1483
1482 1483
1408 1484
1483 1484
1409 1485
1484 1485
1410 1486
1485 1486
1411 1487
1486 1487
1412 1488
1487 1488
1413 1489
1488 1489
1414 1490
1489 1490
1415 1491
1490 1491
1416 1492
1491 1492
1417 1493
1492 1493
1418 1494
1493 1494
1419 1495
1494 1495
1420 1496
1495 1496
1421 1497
1496 1497
1422 1498
1497 1498
1423 1499
1498 1499
1424 1500
1499 1500
1425 1501
1500 1501
1426 1502
1501 1502
1427 1503
1502 1503
1428 1504
1503 1504
1429 1505
1504 1505
1430 1506
1505 1506
1431 1507
1506 1507
1432 1508
1507 1508
1433 1509
1508 1509
1434 1510
1509 1510
1435 1511
1510 1511
1436 1512
1511 1512
1437 1513
1512 1513
1438 1514
1513 1514
1439 1515
1514 1515
1440 1516
1515 1516
1441 1517
1516 1517
1442 1518
1517 1518
4864 5004
1518 1519
1481 1520
1519 1520
1444 1521
1445 1522
1521 1522
1446 1523
1522 1523
1447 1524
1523 1524
1448 1525
1524 1525
1449 1526
1525 1526
1450 1527
1526 1527
1451 1528
1527 1528
1452 1529
1528 1529
1453 1530
1529 1530
1454 1531
1530 1531
1455 1532
1531 1532
1456 1533
1532 1533
1457 1534
1533 1534
1458 1535
1534 1535
1459 1536
1535 1536
1460 1537
1536 1537
1461 1538
1537 1538
1462 1539
1538 1539
1463 1540
1539 1540
1464 1541
1540 1541
1465 1542
1541 1542
1466 1543
1542 1543
1467 1544
1543 1544
1468 1545
1544 1545
1469 1546
1545 1546
1470 1547
1546 1547
1471 1548
1547 1548
1472 1549
1548 1549
1473 1550
1549 1550
1474 1551
1550 1551
1475 1552
1551 1552
1476 1553
1552 1553
1477 1554
1553 1554
1478 1555
1554 1555
1479 1556
1555 1556
1480 1557
1556 1557
1481 1558
1557 1558
1520 1559
1558 1559
1482 1560
1483 1561
1560 1561
1484 1562
1561 1562
1485 1563
1562 1563
1486 1564
1563 1564
1487 1565
1564 1565
1488 1566
1565 1566
1489 1567
1566 1567
1490 1568
1567 1568
1491 1569
1568 1569
1492 1570
1569 1570
1493 1571
1570 1571
1494 1572
1571 1572
1495 1573
1572 1573
1496 1574
1573 1574
1497 1575
1574 1575
1498 1576
1575 1576
1499 1577
1576 1577
1500 1578
1577 1578
1501 1579
1578 1579
1502 1580
1579 1580
1503 1581
1580 1581
1504 1582
1581 1582
1505 1583
1582 1583
1506 1584
1583 1584
1507 1585
1584 1585
1508 1586
1585 1586
1509 1587
1586 1587
1510 1588
1587 1588
1511 1589
1588 1589
1512 1590
1589 1590
1513 1591
1590 1591
1514 1592
1591 1592
1515 1593
1592 1593
1516 1594
1593 1594
1517 1595
1594 1595
1518 1596
1595 1596
1519 1597
1596 1597
1520 1598
1597 1598
5001 5002
4861 5001
1521 1600
1522 1601
1600 1601
1523 1602
1601 1602
1524 1603
1602 1603
1525 1604
1603 1604
1526 1605
1604 1605
1527 1606
1605 1606
1528 1607
1606 1607
1529 1608
1607 1608
1530 1609
1608 1609
1531 1610
1609 1610
1532 1611
1610 1611
1533 1612
1611 1612
1534 1613
1612 1613
1535 1614
1613 1614
1536 1615
1614 1615
1537 1616
1615 1616
1538 1617
1616 1617
1539 1618
1617 1618
1540 1619
1618 1619
1541 1620
1619 1620
1542 1621
1620 1621
1543 1622
1621 1622
1544 1623
1622 1623
1545 1624
1623 1624
1546 1625
1624 1625
1547 1626
1625 1626
1548 1627
1626 1627
1549 1628
1627 1628
1550 1629
1628 1629
1551 1630
1629 1630
1552 1631
1630 1631
1553 1632
1631 1632
1554 1633
1632 1633
1555 1634
1633 1634
1556 1635
1634 1635
1557 1636
1635 1636
1558 1637
1636 1637
1559 1638
1637 1638
5000 5001
1638 1639
1560 1640
1561 1641
1640 1641
1562 1642
1641 1642
1563 1643
1642 1643
1564 1644
1643 1644
1565 1645
1644 1645
1566 1646
1645 1646
1567 1647
1646 1647
1568 1648
1647 1648
1569 1649
1648 1649
1570 1650
1649 1650
1571 1651
1650 1651
1572 1652
1651 1652
1573 1653
1652 1653
1574 1654
1653 1654
1575 1655
1654 1655
1576 1656
1655 1656
1577 1657
1656 1657
1578 1658
1657 1658
1579 1659
1658 1659
1580 1660
1659 1660
1581 1661
1660 1661
1582 1662
1661 1662
1583 1663
1662 1663
1584 1664
1663 1664
1585 1665
1664 1665
1586 1666
1665 1666
1587 1667
1666 1667
1588 1668
1667 1668
1589 1669
1668 1669
1590 1670
1669 1670
1591 1671
1670 1671
1592 1672
1671 1672
1593 1673
1672 1673
1594 1674
1673 1674
1595 1675
1674 1675
1596 1676
1675 1676
1597 1677
1676 1677
1598 1678
1677 1678
4862 5002
1678 1679
1639 1680
1679 1680
1600 1681
1601 1682
1681 1682
1602 1683
1682 1683
1603 1684
1683 1684
1604 1685
1684 1685
1605 1686
1685 1686
1606 1687
1686 1687
1607 1688
1687 1688
1608 1689
1688 1689
1609 1690
1689 1690
1610 1691
1690 1691
1611 1692
1691 1692
1612 1693
1692 1693
1613 1694
1693 1694
1614 1695
1694 1695
1615 1696
1695 1696
1616 1697
1696 1697
1617 1698
1697 1698
1618 1699
1698 1699
1619 1700
1699 1700
1620 1701
1700 1701
1621 1702
1701 1702
1622 1703
1702 1703
1623 1704
1703 1704
1624 1705
1704 1705
1625 1706
1705 1706
1626 1707
1706 1707
1627 1708
1707 1708
1628 1709
1708 1709
1629 1710
1709 1710
1630 1711
1710 1711
1631 1712
1711 1712
1632 1713
1712 1713
1633 1714
1713 1714
1634 1715
1714 1715
1635 1716
1715 1716
1636 1717
1716 1717
1637 1718
1717 1718
1638 1719
1718 1719
1639 1720
1719 1720
1680 1721
1720 1721
1640 1722
1641 1723
1722 1723
1642 1724
1723 1724
1643 1725
1724 1725
1644 1726
1725 1726
1645 1727
1726 1727
1646 1728
1727 1728
1647 1729
1728 1729
1648 1730
1729 1730
1649 1731
1730 1731
1650 1732
1731 1732
1651 1733
1732 1733
1652 1734
1733 1734
1653 1735
1734 1735
1654 1736
1735 1736
1655 1737
1736 1737
1656 1738
1737 1738
1657 1739
1738 1739
1658 1740
1739 1740
1659 1741
1740 1741
1660 1742
1741 1742
1661 1743
1742 1743
1662 1744
1743 1744
1663 1745
1744 1745
1664 1746
1745 1746
1665 1747
1746 1747
1666 1748
1747 1748
1667 1749
1748 1749
1668 1750
1749 1750
1669 1751
1750 1751
1670 1752
1751 1752
1671 1753
1752 1753
1672 1754
1753 1754
1673 1755
1754 1755
1674 1756
1755 1756
1675 1757
1756 1757
1676 1758
1757 1758
1677 1759
1758 1759
1678 1760
1759 1760
1679 1761
1760 1761
1680 1762
1761 1762
4999 5000
4859 4999
1681 1764
1682 1765
1764 1765
1683 1766
1765 1766
1684 1767
1766 1767
1685 1768
1767 1768
1686 1769
1768 1769
1687 1770
1769 1770
1688 1771
1770 1771
1689 1772
1771 1772
1690 1773
1772 1773
1691 1774
1773 1774
1692 1775
1774 1775
1693 1776
1775 1776
1694 1777
1776 1777
1695 1778
1777 1778
1696 1779
1778 1779
1697 1780
1779 1780
1698 1781
1780 1781
1699 1782
1781 1782
1700 1783
1782 1783
1701 1784
1783 1784
1702 1785
1784 1785
1703 1786
1785 1786
1704 1787
1786 1787
1705 1788
1787 1788
1706 1789
1788 1789
1707 1790
1789 1790
1708 1791
1790 1791
1709 1792
1791 1792
1710 1793
1792 1793
1711 1794
1793 1794
1712 1795
1794 1795
1713 1796
1795 1796
1714 1797
1796 1797
1715 1798
1797 1798
1716 1799
1798 1799
1717 1800
1799 1800
1718 1801
1800 1801
1719 1802
1801 1802
1720 1803
1802 1803
1721 1804
1803 1804
4998 4999
1804 1805
1722 1806
1723 1807
1806 1807
1724 1808
1807 1808
1725 1809
1808 1809
1726 1810
1809 1810
1727 1811
1810 1811
1728 1812
1811 1812
1729 1813
1812 1813
1730 1814
1813 1814
1731 1815
1814 1815
1732 1816
1815 1816
1733 1817
1816 1817
1734 1818
1817 1818
1735 1819
1818 1819
1736 1820
1819 1820
1737 1821
1820 1821
1738 1822
1821 1822
1739 1823
1822 1823
1740 1824
1823 1824
1741 1825
1824 1825
1742 1826
1825 1826
1743 1827
1826 1827
1744 1828
1827 1828
1745 1829
1828 1829
1746 1830
1829 1830
1747 1831
1830 1831
1748 1832
1831 1832
1749 1833
1832 1833
1750 1834
1833 1834
1751 1835
1834 1835
1752 1836
1835 1836
1753 1837
1836 1837
1754 1838
1837 1838
1755 1839
1838 1839
1756 1840
1839 1840
1757 1841
1840 1841
1758 1842
1841 1842
1759 1843
1842 1843
1760 1844
1843 1844
1761 1845
1844 1845
1762 1846
1845 1846
4860 5000
1846 1847
1805 1848
1847 1848
1764 1849
1765 1850
1849 1850
1766 1851
1850 1851
1767 1852
1851 1852
1768 1853
1852 1853
1769 1854
1853 1854
1770 1855
1854 1855
1771 1856
1855 1856
1772 1857
1856 1857
1773 1858
1857 1858
1774 1859
1858 1859
1775 1860
1859 1860
1776 1861
1860 1861
1777 1862
1861 1862
1778 1863
1862 1863
1779 1864
1863 1864
1780 1865
1864 1865
1781 1866
1865 1866
1782 1867
1866 1867
1783 1868
1867 1868
1784 1869
1868 1869
1785 1870
1869 1870
1786 1871
1870 1871
1787 1872
1871 1872
1788 1873
1872 1873
1789 1874
1873 1874
1790 1875
1874 1875
1791 1876
1875 1876
1792 1877
1876 1877
1793 1878
1877 1878
1794 1879
1878 1879
1795 1880
1879 1880
1796 1881
1880 1881
1797 1882
1881 1882
1798 1883
1882 1883
1799 1884
1883 1884
1800 1885
1884 1885
1801 1886
1885 1886
1802 1887
1886 1887
1803 1888
1887 1888
1804 1889
1888 1889
1805 1890
1889 1890
1848 1891
1890 1891
1806 1892
1807 1893
1892 1893
1808 1894
1893 1894
1809 1895
1894 1895
1810 1896
1895 1896
1811 1897
1896 1897
1812 1898
1897 1898
1813 1899
1898 1899
1814 1900
1899 1900
1815 1901
1900 1901
1816 1902
1901 1902
1817 1903
1902 1903
1818 1904
1903 1904
1819 1905
1904 1905
1820 1906
1905 1906
1821 1907
1906 1907
1822 1908
1907 1908
1823 1909
1908 1909
1824 1910
1909 1910
1825 1911
1910 1911
1826 1912
1911 1912
1827 1913
1912 1913
1828 1914
1913 1914
1829 1915
1914 1915
1830 1916
1915 1916
1831 1917
1916 1917
1832 1918
1917 1918
1833 1919
1918 1919
1834 1920
1919 1920
1835 1921
1920 1921
1836 1922
1921 1922
1837 1923
1922 1923
1838 1924
1923 1924
1839 1925
1924 1925
1840 1926
1925 1926
1841 1927
1926 1927
1842 1928
1927 1928
1843 1929
1928 1929
1844 1930
1929 1930
1845 1931
1930 1931
1846 1932
1931 1932
1847 1933
1932 1933
1848 1934
1933 1934
4997 4998
4857 4997
1849 1936
1850 1937
1936 1937
1851 1938
1937 1938
1852 1939
1938 1939
1853 1940
1939 1940
1854 1941
1940 1941
1855 1942
1941 1942
1856 1943
1942 1943
1857 1944
1943 1944
1858 1945
1944 1945
1859 1946
1945 1946
1860 1947
1946 1947
1861 1948
1947 1948
1862 1949
1948 1949
1863 1950
1949 1950
1864 1951
1950 1951
1865 1952
1951 1952
1866 1953
1952 1953
1867 1954
1953 1954
1868 1955
1954 1955
1869 1956
1955 1956
1870 1957
1956 1957
1871 1958
1957 1958
1872 1959
1958 1959
1873 1960
1959 1960
1874 1961
1960 1961
1875 1962
1961 1962
1876 1963
1962 1963
1877 1964
1963 1964
1878 1965
1964 1965
1879 1966
1965 1966
1880 1967
1966 1967
1881 1968
1967 1968
1882 1969
1968 1969
1883 1970
1969 1970
1884 1971
1970 1971
1885 1972
1971 1972
1886 1973
1972 1973
1887 1974
1973 1974
1888 1975
1974 1975
1889 1976
1975 1976
1890 1977
1976 1977
1891 1978
1977 1978
4996 4997
1978 1979
1892 1980
1893 1981
1980 1981
1894 1982
1981 1982
1895 1983
1982 1983
1896 1984
1983 1984
1897 1985
1984 1985
1898 1986
1985 1986
1899 1987
1986 1987
1900 1988
1987 1988
1901 1989
1988 1989
1902 1990
1989 1990
1903 1991
1990 1991
1904 1992
1991 1992
1905 1993
1992 1993
1906 1994
1993 1994
1907 1995
1994 1995
1908 1996
1995 1996
1909 1997
1996 1997
1910 1998
1997 1998
1911 1999
1998 1999
1912 2000
1999 2000
1913 2001
2000 2001
1914 2002
2001 2002
1915 2003
2002 2003
1916 2004
2003 2004
1917 2005
2004 2005
1918 2006
2005 2006
1919 2007
2006 2007
1920 2008
2007 2008
1921 2009
2008 2009
1922 2010
2009 2010
1923 2011
2010 2011
1924 2012
2011 2012
1925 2013
2012 2013
1926 2014
2013 2014
1927 2015
2014 2015
1928 2016
2015 2016
1929 2017
2016 2017
1930 2018
2017 2018
1931 2019
2018 2019
1932 2020
2019 2020
1933 2021
2020 2021
1934 2022
2021 2022
4858 4998
2022 2023
1979 2024
2023 2024
1936 2025
1937 2026
2025 2026
1938 2027
2026 2027
1939 2028
2027 2028
1940 2029
2028 2029
1941 2030
2029 2030
1942 2031
2030 2031
1943 2032
2031 2032
1944 2033
2032 2033
1945 2034
2033 2034
1946 2035
2034 2035
1947 2036
2035 2036
1948 2037
2036 2037
1949 2038
2037 2038
1950 2039
2038 2039
1951 2040
2039 2040
1952 2041
2040 2041
1953 2042
2041 2042
1954 2043
2042 2043
1955 2044
2043 2044
1956 2045
2044 2045
1957 2046
2045 2046
1958 2047
2046 2047
1959 2048
2047 2048
1960 2049
2048 2049
1961 2050
2049 2050
1962 2051
2050 2051
1963 2052
2051 2052
1964 2053
2052 2053
1965 2054
2053 2054
1966 2055
2054 2055
1967 2056
2055 2056
1968 2057
2056 2057
1969 2058
2057 2058
1970 2059
2058 2059
1971 2060
2059 2060
1972 2061
2060 2061
1973 2062
2061 2062
1974 2063
2062 2063
1975 2064
2063 2064
1976 2065
2064 2065
1977 2066
2065 2066
1978 2067
2066 2067
1979 2068
2067 2068
2024 2069
2068 2069
1980 2070
1981 2071
2070 2071
1982 2072
2071 2072
1983 2073
2072 2073
1984 2074
2073 2074
1985 2075
2074 2075
1986 2076
2075 2076
1987 2077
2076 2077
1988 2078
2077 2078
1989 2079
2078 2079
1990 2080
2079 2080
1991 2081
2080 2081
1992 2082
2081 2082
1993 2083
2082 2083
1994 2084
2083 2084
1995 2085
2084 2085
1996 2086
2085 2086
1997 2087
2086 2087
1998 2088
2087 2088
1999 2089
2088 2089
2000 2090
2089 2090
2001 2091
2090 2091
2002 2092
2091 2092
2003 2093
2092 2093
2004 2094
2093 2094
2005 2095
2094 2095
2006 2096
2095 2096
2007 2097
2096 2097
2008 2098
2097 2098
2009 2099
2098 2099
2010 2100
2099 2100
2011 2101
2100 2101
2012 2102
2101 2102
2013 2103
2102 2103
2014 2104
2103 2104
2015 2105
2104 2105
2016 2106
2105 2106
2017 2107
2106 2107
2018 2108
2107 2108
2019 2109
2108 2109
2020 2110
2109 2110
2021 2111
2110 2111
2022 2112
2111 2112
2023 2113
2112 2113
2024 2114
2113 2114
4995 4996
4855 4995
2025 2116
2026 2117
2116 2117
2027 2118
2117 2118
2028 2119
2118 2119
2029 2120
2119 2120
2030 2121
2120 2121
2031 2122
2121 2122
2032 2123
2122 2123
2033 2124
2123 2124
2034 2125
2124 2125
2035 2126
2125 2126
2036 2127
2126 2127
2037 2128
2127 2128
2038 2129
2128 2129
2039 2130
2129 2130
2040 2131
2130 2131
2041 2132
2131 2132
2042 2133
2132 2133
2043 2134
2133 2134
2044 2135
2134 2135
2045 2136
2135 2136
2046 2137
2136 2137
2047 2138
2137 2138
2048 2139
2138 2139
2049 2140
2139 2140
2050 2141
2140 2141
2051 2142
2141 2142
2052 2143
2142 2143
2053 2144
2143 2144
2054 2145
2144 2145
2055 2146
2145 2146
2056 2147
2146 2147
2057 2148
2147 2148
2058 2149
2148 2149
2059 2150
2149 2150
2060 2151
2150 2151
2061 2152
2151 2152
2062 2153
2152 2153
2063 2154
2153 2154
2064 2155
2154 2155
2065 2156
2155 2156
2066 2157
2156 2157
2067 2158
2157 2158
2068 2159
2158 2159
2069 2160
2159 2160
4994 4995
2160 2161
2070 2162
2071 2163
2162 2163
2072 2164
2163 2164
2073 2165
2164 2165
2074 2166
2165 2166
2075 2167
2166 2167
2076 2168
2167 2168
2077 2169
2168 2169
2078 2170
2169 2170
2079 2171
2170 2171
2080 2172
2171 2172
2081 2173
2172 2173
2082 2174
2173 2174
2083 2175
2174 2175
2084 2176
2175 2176
2085 2177
2176 2177
2086 2178
2177 2178
2087 2179
2178 2179
2088 2180
2179 2180
2089 2181
2180 2181
2090 2182
2181 2182
2091 2183
2182 2183
2092 2184
2183 2184
2093 2185
2184 2185
2094 2186
2185 2186
2095 2187
2186 2187
2096 2188
2187 2188
2097 2189
2188 2189
2098 2190
2189 2190
2099 2191
2190 2191
2100 2192
2191 2192
2101 2193
2192 2193
2102 2194
2193 2194
2103 2195
2194 2195
2104 2196
2195 2196
2105 2197
2196 2197
2106 2198
2197 2198
2107 2199
2198 2199
2108 2200
2199 2200
2109 2201
2200 2201
2110 2202
2201 2202
2111 2203
2202 2203
2112 2204
2203 2204
2113 2205
2204 2205
2114 2206
2205 2206
4856 4996
2206 2207
2161 2208
2207 2208
2116 2209
2117 2210
2209 2210
2118 2211
2210 2211
2119 2212
2211 2212
2120 2213
2212 2213
2121 2214
2213 2214
2122 2215
2214 2215
2123 2216
2215 2216
2124 2217
2216 2217
2125 2218
2217 2218
2126 2219
2218 2219
2127 2220
2219 2220
2128 2221
2220 2221
2129 2222
2221 2222
2130 2223
2222 2223
2131 2224
2223 2224
2132 2225
2224 2225
2133 2226
2225 2226
2134 2227
2226 2227
2135 2228
2227 2228
2136 2229
2228 2229
2137 2230
2229 2230
2138 2231
2230 2231
2139 2232
2231 2232
2140 2233
2232 2233
2141 2234
2233 2234
2142 2235
2234 2235
2143 2236
2235 2236
2144 2237
2236 2237
2145 2238
2237 2238
2146 2239
2238 2239
2147 2240
2239 2240
2148 2241
2240 2241
2149 2242
2241 2242
2150 2243
2242 2243
2151 2244
2243 2244
2152 2245
2244 2245
2153 2246
2245 2246
2154 2247
2246 2247
2155 2248
2247 2248
2156 2249
2248 2249
2157 2250
2249 2250
2158 2251
2250 2251
2159 2252
2251 2252
2160 2253
2252 2253
2161 2254
2253 2254
2208 2255
2254 2255
2162 2256
2163 2257
2256 2257
2164 2258
2257 2258
2165 2259
2258 2259
2166 2260
2259 2260
2167 2261
2260 2261
2168 2262
2261 2262
2169 2263
2262 2263
2170 2264
2263 2264
2171 2265
2264 2265
2172 2266
2265 2266
2173 2267
2266 2267
2174 2268
2267 2268
2175 2269
2268 2269
2176 2270
2269 2270
2177 2271
2270 2271
2178 2272
2271 2272
2179 2273
2272 2273
2180 2274
2273 2274
2181 2275
2274 2275
2182 2276
2275 2276
2183 2277
2276 2277
2184 2278
2277 2278
2185 2279
2278 2279
2186 2280
2279 2280
2187 2281
2280 2281
2188 2282
2281 2282
2189 2283
2282 2283
2190 2284
2283 2284
2191 2285
2284 2285
2192 2286
2285 2286
2193 2287
2286 2287
2194 2288
2287 2288
2195 2289
2288 2289
2196 2290
2289 2290
2197 2291
2290 2291
2198 2292
2291 2292
2199 2293
2292 2293
2200 2294
2293 2294
2201 2295
2294 2295
2202 2296
2295 2296
2203 2297
2296 2297
2204 2298
2297 2298
2205 2299
2298 2299
2206 2300
2299 2300
2207 2301
2300 2301
2208 2302
2301 2302
4993 4994
4853 4993
2209 2304
2210 2305
2304 2305
2211 2306
2305 2306
2212 2307
2306 2307
2213 2308
2307 2308
2214 2309
2308 2309
2215 2310
2309 2310
2216 2311
2310 2311
2217 2312
2311 2312
2218 2313
2312 2313
2219 2314
2313 2314
2220 2315
2314 2315
2221 2316
2315 2316
2222 2317
2316 2317
2223 2318
2317 2318
2224 2319
2318 2319
2225 2320
2319 2320
2226 2321
2320 2321
2227 2322
2321 2322
2228 2323
2322 2323
2229 2324
2323 2324
2230 2325
2324 2325
2231 2326
2325 2326
2232 2327
2326 2327
2233 2328
2327 2328
2234 2329
2328 2329
2235 2330
2329 2330
2236 2331
2330 2331
2237 2332
2331 2332
2238 2333
2332 2333
2239 2334
2333 2334
2240 2335
2334 2335
2241 2336
2335 2336
2242 2337
2336 2337
2243 2338
2337 2338
2244 2339
2338 2339
2245 2340
2339 2340
2246 2341
2340 2341
2247 2342
2341 2342
2248 2343
2342 2343
2249 2344
2343 2344
2250 2345
2344 2345
2251 2346
2345 2346
2252 2347
2346 2347
2253 2348
2347 2348
2254 2349
2348 2349
2255 2350
2349 2350
4992 4993
2350 2351
2256 2352
2257 2353
2352 2353
2258 2354
2353 2354
2259 2355
2354 2355
2260 2356
2355 2356
2261 2357
2356 2357
2262 2358
2357 2358
2263 2359
2358 2359
2264 2360
2359 2360
2265 2361
2360 2361
2266 2362
2361 2362
2267 2363
2362 2363
2268 2364
2363 2364
2269 2365
2364 2365
2270 2366
2365 2366
2271 2367
2366 2367
2272 2368
2367 2368
2273 2369
2368 2369
2274 2370
2369 2370
2275 2371
2370 2371
2276 2372
2371 2372
2277 2373
2372 2373
2278 2374
2373 2374
2279 2375
2374 2375
2280 2376
2375 2376
2281 2377
2376 2377
2282 2378
2377 2378
2283 2379
2378 2379
2284 2380
2379 2380
2285 2381
2380 2381
2286 2382
2381 2382
2287 2383
2382 2383
2288 2384
2383 2384
2289 2385
2384 2385
2290 2386
2385 2386
2291 2387
2386 2387
2292 2388
2387 2388
2293 2389
2388 2389
2294 2390
2389 2390
2295 2391
2390 2391
2296 2392
2391 2392
2297 2393
2392 2393
2298 2394
2393 2394
2299 2395
2394 2395
2300 2396
2395 2396
2301 2397
2396 2397
2302 2398
2397 2398
4854 4994
2398 2399
2351 2400
2399 2400
2304 2401
2305 2402
2401 2402
2306 2403
2402 2403
2307 2404
2403 2404
2308 2405
2404 2405
2309 2406
2405 2406
2310 2407
2406 2407
2311 2408
2407 2408
2312 2409
2408 2409
2313 2410
2409 2410
2314 2411
2410 2411
2315 2412
2411 2412
2316 2413
2412 2413
2317 2414
2413 2414
2318 2415
2414 2415
2319 2416
2415 2416
2320 2417
2416 2417
2321 2418
2417 2418
2322 2419
2418 2419
2323 2420
2419 2420
2324 2421
2420 2421
2325 2422
2421 2422
2326 2423
2422 2423
2327 2424
2423 2424
2328 2425
2424 2425
2329 2426
2425 2426
2330 2427
2426 2427
2331 2428
2427 2428
2332 2429
2428 2429
2333 2430
2429 2430
2334 2431
2430 2431
2335 2432
2431 2432
2336 2433
2432 2433
2337 2434
2433 2434
2338 2435
2434 2435
2339 2436
2435 2436
2340 2437
2436 2437
2341 2438
2437 2438
2342 2439
2438 2439
2343 2440
2439 2440
2344 2441
2440 2441
2345 2442
2441 2442
2346 2443
2442 2443
2347 2444
2443 2444
2348 2445
2444 2445
2349 2446
2445 2446
2350 2447
2446 2447
2351 2448
2447 2448
2400 2449
2448 2449
2352 2450
2353 2451
2450 2451
2354 2452
2451 2452
2355 2453
2452 2453
2356 2454
2453 2454
2357 2455
2454 2455
2358 2456
2455 2456
2359 2457
2456 2457
2360 2458
2457 2458
2361 2459
2458 2459
2362 2460
2459 2460
2363 2461
2460 2461
2364 2462
2461 2462
2365 2463
2462 2463
2366 2464
2463 2464
2367 2465
2464 2465
2368 2466
2465 2466
2369 2467
2466 2467
2370 2468
2467 2468
2371 2469
2468 2469
2372 2470
2469 2470
2373 2471
2470 2471
2374 2472
2471 2472
2375 2473
2472 2473
2376 2474
2473 2474
2377 2475
2474 2475
2378 2476
2475 2476
2379 2477
2476 2477
2380 2478
2477 2478
2381 2479
2478 2479
2382 2480
2479 2480
2383 2481
2480 2481
2384 2482
2481 2482
2385 2483
2482 2483
2386 2484
2483 2484
2387 2485
2484 2485
2388 2486
2485 2486
2389 2487
2486 2487
2390 2488
2487 2488
2391 2489
2488 2489
2392 2490
2489 2490
2393 2491
2490 2491
2394 2492
2491 2492
2395 2493
2492 2493
2396 2494
2493 2494
2397 2495
2494 2495
2398 2496
2495 2496
2399 2497
2496 2497
2400 2498
2497 2498
4991 4992
4851 4991
2401 2500
2402 2501
2500 2501
2403 2502
2501 2502
2404 2503
2502 2503
2405 2504
2503 2504
2406 2505
2504 2505
2407 2506
2505 2506
2408 2507
2506 2507
2409 2508
2507 2508
2410 2509
2508 2509
2411 2510
2509 2510
2412 2511
2510 2511
2413 2512
2511 2512
2414 2513
2512 2513
2415 2514
2513 2514
2416 2515
2514 2515
2417 2516
2515 2516
2418 2517
2516 2517
2419 2518
2517 2518
2420 2519
2518 2519
2421 2520
2519 2520
2422 2521
2520 2521
2423 2522
2521 2522
2424 2523
2522 2523
2425 2524
2523 2524
2426 2525
2524 2525
2427 2526
2525 2526
2428 2527
2526 2527
2429 2528
2527 2528
2430 2529
2528 2529
2431 2530
2529 2530
2432 2531
2530 2531
2433 2532
2531 2532
2434 2533
2532 2533
2435 2534
2533 2534
2436 2535
2534 2535
2437 2536
2535 2536
2438 2537
2536 2537
2439 2538
2537 2538
2440 2539
2538 2539
2441 2540
2539 2540
2442 2541
2540 2541
2443 2542
2541 2542
2444 2543
2542 2543
2445 2544
2543 2544
2446 2545
2544 2545
2447 2546
2545 2546
2448 2547
2546 2547
2449 2548
2547 2548
4990 4991
2548 2549
2450 2550
2451 2551
2550 2551
2452 2552
2551 2552
2453 2553
2552 2553
2454 2554
2553 2554
2455 2555
2554 2555
2456 2556
2555 2556
2457 2557
2556 2557
2458 2558
2557 2558
2459 2559
2558 2559
2460 2560
2559 2560
2461 2561
2560 2561
2462 2562
2561 2562
2463 2563
2562 2563
2464 2564
2563 2564
2465 2565
2564 2565
2466 2566
2565 2566
2467 2567
2566 2567
2468 2568
2567 2568
2469 2569
2568 2569
2470 2570
2569 2570
2471 2571
2570 2571
2472 2572
2571 2572
2473 2573
2572 2573
2474 2574
2573 2574
2475 2575
2574 2575
2476 2576
2575 2576
2477 2577
2576 2577
2478 2578
2577 2578
2479 2579
2578 2579
2480 2580
2579 2580
2481 2581
2580 2581
2482 2582
2581 2582
2483 2583
2582 2583
2484 2584
2583 2584
2485 2585
2584 2585
2486 2586
2585 2586
2487 2587
2586 2587
2488 2588
2587 2588
2489 2589
2588 2589
2490 2590
2589 2590
2491 2591
2590 2591
2492 2592
2591 2592
2493 2593
2592 2593
2494 2594
2593 2594
2495 2595
2594 2595
2496 2596
2595 2596
2497 2597
2596 2597
2498 2598
2597 2598
4852 4992
2598 2599
2549 2600
2599 2600
2500 2601
2501 2602
2601 2602
2502 2603
2602 2603
2503 2604
2603 2604
2504 2605
2604 2605
2505 2606
2605 2606
2506 2607
2606 2607
2507 2608
2607 2608
2508 2609
2608 2609
2509 2610
2609 2610
2510 2611
2610 2611
2511 2612
2611 2612
2512 2613
2612 2613
2513 2614
2613 2614
2514 2615
2614 2615
2515 2616
2615 2616
2516 2617
2616 2617
2517 2618
2617 2618
2518 2619
2618 2619
2519 2620
2619 2620
2520 2621
2620 2621
2521 2622
2621 2622
2522 2623
2622 2623
2523 2624
2623 2624
2524 2625
2624 2625
2525 2626
2625 2626
2526 2627
2626 2627
2527 2628
2627 2628
2528 2629
2628 2629
2529 2630
2629 2630
2530 2631
2630 2631
2531 2632
2631 2632
2532 2633
2632 2633
2533 2634
2633 2634
2534 2635
2634 2635
2535 2636
2635 2636
2536 2637
2636 2637
2537 2638
2637 2638
2538 2639
2638 2639
2539 2640
2639 2640
2540 2641
2640 2641
2541 2642
2641 2642
2542 2643
2642 2643
2543 2644
2643 2644
2544 2645
2644 2645
2545 2646
2645 2646
2546 2647
2646 2647
2547 2648
2647 2648
2548 2649
2648 2649
2549 2650
2649 2650
2600 2651
2650 2651
2550 2652
2551 2653
2652 2653
2552 2654
2653 2654
2553 2655
2654 2655
2554 2656
2655 2656
2555 2657
2656 2657
2556 2658
2657 2658
2557 2659
2658 2659
2558 2660
2659 2660
2559 2661
2660 2661
2560 2662
2661 2662
2561 2663
2662 2663
2562 2664
2663 2664
2563 2665
2664 2665
2564 2666
2665 2666
2565 2667
2666 2667
2566 2668
2667 2668
2567 2669
2668 2669
2568 2670
2669 2670
2569 2671
2670 2671
2570 2672
2671 2672
2571 2673
2672 2673
2572 2674
2673 2674
2573 2675
2674 2675
2574 2676
2675 2676
2575 2677
2676 2677
2576 2678
2677 2678
2577 2679
2678 2679
2578 2680
2679 2680
2579 2681
2680 2681
2580 2682
2681 2682
2581 2683
2682 2683
2582 2684
2683 2684
2583 2685
2684 2685
2584 2686
2685 2686
2585 2687
2686 2687
2586 2688
2687 2688
2587 2689
2688 2689
2588 2690
2689 2690
2589 2691
2690 2691
2590 2692
2691 2692
2591 2693
2692 2693
2592 2694
2693 2694
2593 2695
2694 2695
2594 2696
2695 2696
2595 2697
2696 2697
2596 2698
2697 2698
2597 2699
2698 2699
2598 2700
2699 2700
2599 2701
2700 2701
2600 2702
2701 2702
4989 4990
4849 4989
2601 2704
2602 2705
2704 2705
2603 2706
2705 2706
2604 2707
2706 2707
2605 2708
2707 2708
2606 2709
2708 2709
2607 2710
2709 2710
2608 2711
2710 2711
2609 2712
2711 2712
2610 2713
2712 2713
2611 2714
2713 2714
2612 2715
2714 2715
2613 2716
2715 2716
2614 2717
2716 2717
2615 2718
2717 2718
2616 2719
2718 2719
2617 2720
2719 2720
2618 2721
2720 2721
2619 2722
2721 2722
2620 2723
2722 2723
2621 2724
2723 2724
2622 2725
2724 2725
2623 2726
2725 2726
2624 2727
2726 2727
2625 2728
2727 2728
2626 2729
2728 2729
2627 2730
2729 2730
2628 2731
2730 2731
2629 2732
2731 2732
2630 2733
2732 2733
2631 2734
2733 2734
2632 2735
2734 2735
2633 2736
2735 2736
2634 2737
2736 2737
2635 2738
2737 2738
2636 2739
2738 2739
2637 2740
2739 2740
2638 2741
2740 2741
2639 2742
2741 2742
2640 2743
2742 2743
2641 2744
2743 2744
2642 2745
2744 2745
2643 2746
2745 2746
2644 2747
2746 2747
2645 2748
2747 2748
2646 2749
2748 2749
2647 2750
2749 2750
2648 2751
2750 2751
2649 2752
2751 2752
2650 2753
2752 2753
2651 2754
2753 2754
4988 4989
2754 2755
2652 2756
2653 2757
2756 2757
2654 2758
2757 2758
2655 2759
2758 2759
2656 2760
2759 2760
2657 2761
2760 2761
2658 2762
2761 2762
2659 2763
2762 2763
2660 2764
2763 2764
2661 2765
2764 2765
2662 2766
2765 2766
2663 2767
2766 2767
2664 2768
2767 2768
2665 2769
2768 2769
2666 2770
2769 2770
2667 2771
2770 2771
2668 2772
2771 2772
2669 2773
2772 2773
2670 2774
2773 2774
2671 2775
2774 2775
2672 2776
2775 2776
2673 2777
2776 2777
2674 2778
2777 2778
2675 2779
2778 2779
2676 2780
2779 2780
2677 2781
2780 2781
2678 2782
2781 2782
2679 2783
2782 2783
2680 2784
2783 2784
2681 2785
2784 2785
2682 2786
2785 2786
2683 2787
2786 2787
2684 2788
2787 2788
2685 2789
2788 2789
2686 2790
2789 2790
2687 2791
2790 2791
2688 2792
2791 2792
2689 2793
2792 2793
2690 2794
2793 2794
2691 2795
2794 2795
2692 2796
2795 2796
2693 2797
2796 2797
2694 2798
2797 2798
2695 2799
2798 2799
2696 2800
2799 2800
2697 2801
2800 2801
2698 2802
2801 2802
2699 2803
2802 2803
2700 2804
2803 2804
2701 2805
2804 2805
2702 2806
2805 2806
4850 4990
2806 2807
2755 2808
2807 2808
2704 2809
2705 2810
2809 2810
2706 2811
2810 2811
2707 2812
2811 2812
2708 2813
2812 2813
2709 2814
2813 2814
2710 2815
2814 2815
2711 2816
2815 2816
2712 2817
2816 2817
2713 2818
2817 2818
2714 2819
2818 2819
2715 2820
2819 2820
2716 2821
2820 2821
2717 2822
2821 2822
2718 2823
2822 2823
2719 2824
2823 2824
2720 2825
2824 2825
2721 2826
2825 2826
2722 2827
2826 2827
2723 2828
2827 2828
2724 2829
2828 2829
2725 2830
2829 2830
2726 2831
2830 2831
2727 2832
2831 2832
2728 2833
2832 2833
2729 2834
2833 2834
2730 2835
2834 2835
2731 2836
2835 2836
2732 2837
2836 2837
2733 2838
2837 2838
2734 2839
2838 2839
2735 2840
2839 2840
2736 2841
2840 2841
2737 2842
2841 2842
2738 2843
2842 2843
2739 2844
2843 2844
2740 2845
2844 2845
2741 2846
2845 2846
2742 2847
2846 2847
2743 2848
2847 2848
2744 2849
2848 2849
2745 2850
2849 2850
2746 2851
2850 2851
2747 2852
2851 2852
2748 2853
2852 2853
2749 2854
2853 2854
2750 2855
2854 2855
2751 2856
2855 2856
2752 2857
2856 2857
2753 2858
2857 2858
2754 2859
2858 2859
2755 2860
2859 2860
2808 2861
2860 2861
2756 2862
2757 2863
2862 2863
2758 2864
2863 2864
2759 2865
2864 2865
2760 2866
2865 2866
2761 2867
2866 2867
2762 2868
2867 2868
2763 2869
2868 2869
2764 2870
2869 2870
2765 2871
2870 2871
2766 2872
2871 2872
2767 2873
2872 2873
2768 2874
2873 2874
2769 2875
2874 2875
2770 2876
2875 2876
2771 2877
2876 2877
2772 2878
2877 2878
2773 2879
2878 2879
2774 2880
2879 2880
2775 2881
2880 2881
2776 2882
2881 2882
2777 2883
2882 2883
2778 2884
2883 2884
2779 2885
2884 2885
2780 2886
2885 2886
2781 2887
2886 2887
2782 2888
2887 2888
2783 2889
2888 2889
2784 2890
2889 2890
2785 2891
2890 2891
2786 2892
2891 2892
2787 2893
2892 2893
2788 2894
2893 2894
2789 2895
2894 2895
2790 2896
2895 2896
2791 2897
2896 2897
2792 2898
2897 2898
2793 2899
2898 2899
2794 2900
2899 2900
2795 2901
2900 2901
2796 2902
2901 2902
2797 2903
2902 2903
2798 2904
2903 2904
2799 2905
2904 2905
2800 2906
2905 2906
2801 2907
2906 2907
2802 2908
2907 2908
2803 2909
2908 2909
2804 2910
2909 2910
2805 2911
2910 2911
2806 2912
2911 2912
2807 2913
2912 2913
2808 2914
2913 2914
4987 4988
4847 4987
2809 2916
2810 2917
2916 2917
2811 2918
2917 2918
2812 2919
2918 2919
2813 2920
2919 2920
2814 2921
2920 2921
2815 2922
2921 2922
2816 2923
2922 2923
2817 2924
2923 2924
2818 2925
2924 2925
2819 2926
2925 2926
2820 2927
2926 2927
2821 2928
2927 2928
2822 2929
2928 2929
2823 2930
2929 2930
2824 2931
2930 2931
2825 2932
2931 2932
2826 2933
2932 2933
2827 2934
2933 2934
2828 2935
2934 2935
2829 2936
2935 2936
2830 2937
2936 2937
2831 2938
2937 2938
2832 2939
2938 2939
2833 2940
2939 2940
2834 2941
2940 2941
2835 2942
2941 2942
2836 2943
2942 2943
2837 2944
2943 2944
2838 2945
2944 2945
2839 2946
2945 2946
2840 2947
2946 2947
2841 2948
2947 2948
2842 2949
2948 2949
2843 2950
2949 2950
2844 2951
2950 2951
2845 2952
2951 2952
2846 2953
2952 2953
2847 2954
2953 2954
2848 2955
2954 2955
2849 2956
2955 2956
2850 2957
2956 2957
2851 2958
2957 2958
2852 2959
2958 2959
2853 2960
2959 2960
2854 2961
2960 2961
2855 2962
2961 2962
2856 2963
2962 2963
2857 2964
2963 2964
2858 2965
2964 2965
2859 2966
2965 2966
2860 2967
2966 2967
2861 2968
2967 2968
4986 4987
2968 2969
2862 2970
2863 2971
2970 2971
2864 2972
2971 2972
2865 2973
2972 2973
2866 2974
2973 2974
2867 2975
2974 2975
2868 2976
2975 2976
2869 2977
2976 2977
2870 2978
2977 2978
2871 2979
2978 2979
2872 2980
2979 2980
2873 2981
2980 2981
2874 2982
2981 2982
2875 2983
2982 2983
2876 2984
2983 2984
2877 2985
2984 2985
2878 2986
2985 2986
2879 2987
2986 2987
2880 2988
2987 2988
2881 2989
2988 2989
2882 2990
2989 2990
2883 2991
2990 2991
2884 2992
2991 2992
2885 2993
2992 2993
2886 2994
2993 2994
2887 2995
2994 2995
2888 2996
2995 2996
2889 2997
2996 2997
2890 2998
2997 2998
2891 2999
2998 2999
2892 3000
2999 3000
2893 3001
3000 3001
2894 3002
3001 3002
2895 3003
3002 3003
2896 3004
3003 3004
2897 3005
3004 3005
2898 3006
3005 3006
2899 3007
3006 3007
2900 3008
3007 3008
2901 3009
3008 3009
2902 3010
3009 3010
2903 3011
3010 3011
2904 3012
3011 3012
2905 3013
3012 3013
2906 3014
3013 3014
2907 3015
3014 3015
2908 3016
3015 3016
2909 3017
3016 3017
2910 3018
3017 3018
2911 3019
3018 3019
2912 3020
3019 3020
2913 3021
3020 3021
2914 3022
3021 3022
4848 4988
3022 3023
2969 3024
3023 3024
2916 3025
2917 3026
3025 3026
2918 3027
3026 3027
2919 3028
3027 3028
2920 3029
3028 3029
2921 3030
3029 3030
2922 3031
3030 3031
2923 3032
3031 3032
2924 3033
3032 3033
2925 3034
3033 3034
2926 3035
3034 3035
2927 3036
3035 3036
2928 3037
3036 3037
2929 3038
3037 3038
2930 3039
3038 3039
2931 3040
3039 3040
2932 3041
3040 3041
2933 3042
3041 3042
2934 3043
3042 3043
2935 3044
3043 3044
2936 3045
3044 3045
2937 3046
3045 3046
2938 3047
3046 3047
2939 3048
3047 3048
2940 3049
3048 3049
2941 3050
3049 3050
2942 3051
3050 3051
2943 3052
3051 3052
2944 3053
3052 3053
2945 3054
3053 3054
2946 3055
3054 3055
2947 3056
3055 3056
2948 3057
3056 3057
2949 3058
3057 3058
2950 3059
3058 3059
2951 3060
3059 3060
2952 3061
3060 3061
2953 3062
3061 3062
2954 3063
3062 3063
2955 3064
3063 3064
2956 3065
3064 3065
2957 3066
3065 3066
2958 3067
3066 3067
2959 3068
3067 3068
2960 3069
3068 3069
2961 3070
3069 3070
2962 3071
3070 3071
2963 3072
3071 3072
2964 3073
3072 3073
2965 3074
3073 3074
2966 3075
3074 3075
2967 3076
3075 3076
2968 3077
3076 3077
2969 3078
3077 3078
3024 3079
3078 3079
2970 3080
2971 3081
3080 3081
2972 3082
3081 3082
2973 3083
3082 3083
2974 3084
3083 3084
2975 3085
3084 3085
2976 3086
3085 3086
2977 3087
3086 3087
2978 3088
3087 3088
2979 3089
3088 3089
2980 3090
3089 3090
2981 3091
3090 3091
2982 3092
3091 3092
2983 3093
3092 3093
2984 3094
3093 3094
2985 3095
3094 3095
2986 3096
3095 3096
2987 3097
3096 3097
2988 3098
3097 3098
2989 3099
3098 3099
2990 3100
3099 3100
2991 3101
3100 3101
2992 3102
3101 3102
2993 3103
3102 3103
2994 3104
3103 3104
2995 3105
3104 3105
2996 3106
3105 3106
2997 3107
3106 3107
2998 3108
3107 3108
2999 3109
3108 3109
3000 3110
3109 3110
3001 3111
3110 3111
3002 3112
3111 3112
3003 3113
3112 3113
3004 3114
3113 3114
3005 3115
3114 3115
3006 3116
3115 3116
3007 3117
3116 3117
3008 3118
3117 3118
3009 3119
3118 3119
3010 3120
3119 3120
3011 3121
3120 3121
3012 3122
3121 3122
3013 3123
3122 3123
3014 3124
3123 3124
3015 3125
3124 3125
3016 3126
3125 3126
3017 3127
3126 3127
3018 3128
3127 3128
3019 3129
3128 3129
3020 3130
3129 3130
3021 3131
3130 3131
3022 3132
3131 3132
3023 3133
3132 3133
3024 3134
3133 3134
4985 4986
4845 4985
3025 3136
3026 3137
3136 3137
3027 3138
3137 3138
3028 3139
3138 3139
3029 3140
3139 3140
3030 3141
3140 3141
3031 3142
3141 3142
3032 3143
3142 3143
3033 3144
3143 3144
3034 3145
3144 3145
3035 3146
3145 3146
3036 3147
3146 3147
3037 3148
3147 3148
3038 3149
3148 3149
3039 3150
3149 3150
3040 3151
3150 3151
3041 3152
3151 3152
3042 3153
3152 3153
3043 3154
3153 3154
3044 3155
3154 3155
3045 3156
3155 3156
3046 3157
3156 3157
3047 3158
3157 3158
3048 3159
3158 3159
3049 3160
3159 3160
3050 3161
3160 3161
3051 3162
3161 3162
3052 3163
3162 3163
3053 3164
3163 3164
3054 3165
3164 3165
3055 3166
3165 3166
3056 3167
3166 3167
3057 3168
3167 3168
3058 3169
3168 3169
3059 3170
3169 3170
3060 3171
3170 3171
3061 3172
3171 3172
3062 3173
3172 3173
3063 3174
3173 3174
3064 3175
3174 3175
3065 3176
3175 3176
3066 3177
3176 3177
3067 3178
3177 3178
3068 3179
3178 3179
3069 3180
3179 3180
3070 3181
3180 3181
3071 3182
3181 3182
3072 3183
3182 3183
3073 3184
3183 3184
3074 3185
3184 3185
3075 3186
3185 3186
3076 3187
3186 3187
3077 3188
3187 3188
3078 3189
3188 3189
3079 3190
3189 3190
4984 4985
3190 3191
3080 3192
3081 3193
3192 3193
3082 3194
3193 3194
3083 3195
3194 3195
3084 3196
3195 3196
3085 3197
3196 3197
3086 3198
3197 3198
3087 3199
3198 3199
3088 3200
3199 3200
3089 3201
3200 3201
3090 3202
3201 3202
3091 3203
3202 3203
3092 3204
3203 3204
3093 3205
3204 3205
3094 3206
3205 3206
3095 3207
3206 3207
3096 3208
3207 3208
3097 3209
3208 3209
3098 3210
3209 3210
3099 3211
3210 3211
3100 3212
3211 3212
3101 3213
3212 3213
3102 3214
3213 3214
3103 3215
3214 3215
3104 3216
3215 3216
3105 3217
3216 3217
3106 3218
3217 3218
3107 3219
3218 3219
3108 3220
3219 3220
3109 3221
3220 3221
3110 3222
3221 3222
3111 3223
3222 3223
3112 3224
3223 3224
3113 3225
3224 3225
3114 3226
3225 3226
3115 3227
3226 3227
3116 3228
3227 3228
3117 3229
3228 3229
3118 3230
3229 3230
3119 3231
3230 3231
3120 3232
3231 3232
3121 3233
3232 3233
3122 3234
3233 3234
3123 3235
3234 3235
3124 3236
3235 3236
3125 3237
3236 3237
3126 3238
3237 3238
3127 3239
3238 3239
3128 3240
3239 3240
3129 3241
3240 3241
3130 3242
3241 3242
3131 3243
3242 3243
3132 3244
3243 3244
3133 3245
3244 3245
3134 3246
3245 3246
4846 4986
3246 3247
3191 3248
3247 3248
3136 3249
3137 3250
3249 3250
3138 3251
3250 3251
3139 3252
3251 3252
3140 3253
3252 3253
3141 3254
3253 3254
3142 3255
3254 3255
3143 3256
3255 3256
3144 3257
3256 3257
3145 3258
3257 3258
3146 3259
3258 3259
3147 3260
3259 3260
3148 3261
3260 3261
3149 3262
3261 3262
3150 3263
3262 3263
3151 3264
3263 3264
3152 3265
3264 3265
3153 3266
3265 3266
3154 3267
3266 3267
3155 3268
3267 3268
3156 3269
3268 3269
3157 3270
3269 3270
3158 3271
3270 3271
3159 3272
3271 3272
3160 3273
3272 3273
3161 3274
3273 3274
3162 3275
3274 3275
3163 3276
3275 3276
3164 3277
3276 3277
3165 3278
3277 3278
3166 3279
3278 3279
3167 3280
3279 3280
3168 3281
3280 3281
3169 3282
3281 3282
3170 3283
3282 3283
3171 3284
3283 3284
3172 3285
3284 3285
3173 3286
3285 3286
3174 3287
3286 3287
3175 3288
3287 3288
3176 3289
3288 3289
3177 3290
3289 3290
3178 3291
3290 3291
3179 3292
3291 3292
3180 3293
3292 3293
3181 3294
3293 3294
3182 3295
3294 3295
3183 3296
3295 3296
3184 3297
3296 3297
3185 3298
3297 3298
3186 3299
3298 3299
3187 3300
3299 3300
3188 3301
3300 3301
3189 3302
3301 3302
3190 3303
3302 3303
3191 3304
3303 3304
3248 3305
3304 3305
3192 3306
3193 3307
3306 3307
3194 3308
3307 3308
3195 3309
3308 3309
3196 3310
3309 3310
3197 3311
3310 3311
3198 3312
3311 3312
3199 3313
3312 3313
3200 3314
3313 3314
3201 3315
3314 3315
3202 3316
3315 3316
3203 3317
3316 3317
3204 3318
3317 3318
3205 3319
3318 3319
3206 3320
3319 3320
3207 3321
3320 3321
3208 3322
3321 3322
3209 3323
3322 3323
3210 3324
3323 3324
3211 3325
3324 3325
3212 3326
3325 3326
3213 3327
3326 3327
3214 3328
3327 3328
3215 3329
3328 3329
3216 3330
3329 3330
3217 3331
3330 3331
3218 3332
3331 3332
3219 3333
3332 3333
3220 3334
3333 3334
3221 3335
3334 3335
3222 3336
3335 3336
3223 3337
3336 3337
3224 3338
3337 3338
3225 3339
3338 3339
3226 3340
3339 3340
3227 3341
3340 3341
3228 3342
3341 3342
3229 3343
3342 3343
3230 3344
3343 3344
3231 3345
3344 3345
3232 3346
3345 3346
3233 3347
3346 3347
3234 3348
3347 3348
3235 3349
3348 3349
3236 3350
3349 3350
3237 3351
3350 3351
3238 3352
3351 3352
3239 3353
3352 3353
3240 3354
3353 3354
3241 3355
3354 3355
3242 3356
3355 3356
3243 3357
3356 3357
3244 3358
3357 3358
3245 3359
3358 3359
3246 3360
3359 3360
3247 3361
3360 3361
3248 3362
3361 3362
4983 4984
4843 4983
3249 3364
3250 3365
3364 3365
3251 3366
3365 3366
3252 3367
3366 3367
3253 3368
3367 3368
3254 3369
3368 3369
3255 3370
3369 3370
3256 3371
3370 3371
3257 3372
3371 3372
3258 3373
3372 3373
3259 3374
3373 3374
3260 3375
3374 3375
3261 3376
3375 3376
3262 3377
3376 3377
3263 3378
3377 3378
3264 3379
3378 3379
3265 3380
3379 3380
3266 3381
3380 3381
3267 3382
3381 3382
3268 3383
3382 3383
3269 3384
3383 3384
3270 3385
3384 3385
3271 3386
3385 3386
3272 3387
3386 3387
3273 3388
3387 3388
3274 3389
3388 3389
3275 3390
3389 3390
3276 3391
3390 3391
3277 3392
3391 3392
3278 3393
3392 3393
3279 3394
3393 3394
3280 3395
3394 3395
3281 3396
3395 3396
3282 3397
3396 3397
3283 3398
3397 3398
3284 3399
3398 3399
3285 3400
3399 3400
3286 3401
3400 3401
3287 3402
3401 3402
3288 3403
3402 3403
3289 3404
3403 3404
3290 3405
3404 3405
3291 3406
3405 3406
3292 3407
3406 3407
3293 3408
3407 3408
3294 3409
3408 3409
3295 3410
3409 3410
3296 3411
3410 3411
3297 3412
3411 3412
3298 3413
3412 3413
3299 3414
3413 3414
3300 3415
3414 3415
3301 3416
3415 3416
3302 3417
3416 3417
3303 3418
3417 3418
3304 3419
3418 3419
3305 3420
3419 3420
4982 4983
3420 3421
3306 3422
3307 3423
3422 3423
3308 3424
3423 3424
3309 3425
3424 3425
3310 3426
3425 3426
3311 3427
3426 3427
3312 3428
3427 3428
3313 3429
3428 3429
3314 3430
3429 3430
3315 3431
3430 3431
3316 3432
3431 3432
3317 3433
3432 3433
3318 3434
3433 3434
3319 3435
3434 3435
3320 3436
3435 3436
3321 3437
3436 3437
3322 3438
3437 3438
3323 3439
3438 3439
3324 3440
3439 3440
3325 3441
3440 3441
3326 3442
3441 3442
3327 3443
3442 3443
3328 3444
3443 3444
3329 3445
3444 3445
3330 3446
3445 3446
3331 3447
3446 3447
3332 3448
3447 3448
3333 3449
3448 3449
3334 3450
3449 3450
3335 3451
3450 3451
3336 3452
3451 3452
3337 3453
3452 3453
3338 3454
3453 3454
3339 3455
3454 3455
3340 3456
3455 3456
3341 3457
3456 3457
3342 3458
3457 3458
3343 3459
3458 3459
3344 3460
3459 3460
3345 3461
3460 3461
3346 3462
3461 3462
3347 3463
3462 3463
3348 3464
3463 3464
3349 3465
3464 3465
3350 3466
3465 3466
3351 3467
3466 3467
3352 3468
3467 3468
3353 3469
3468 3469
3354 3470
3469 3470
3355 3471
3470 3471
3356 3472
3471 3472
3357 3473
3472 3473
3358 3474
3473 3474
3359 3475
3474 3475
3360 3476
3475 3476
3361 3477
3476 3477
3362 3478
3477 3478
4844 4984
3478 3479
3421 3480
3479 3480
3364 3481
3365 3482
3481 3482
3366 3483
3482 3483
3367 3484
3483 3484
3368 3485
3484 3485
3369 3486
3485 3486
3370 3487
3486 3487
3371 3488
3487 3488
3372 3489
3488 3489
3373 3490
3489 3490
3374 3491
3490 3491
3375 3492
3491 3492
3376 3493
3492 3493
3377 3494
3493 3494
3378 3495
3494 3495
3379 3496
3495 3496
3380 3497
3496 3497
3381 3498
3497 3498
3382 3499
3498 3499
3383 3500
3499 3500
3384 3501
3500 3501
3385 3502
3501 3502
3386 3503
3502 3503
3387 3504
3503 3504
3388 3505
3504 3505
3389 3506
3505 3506
3390 3507
3506 3507
3391 3508
3507 3508
3392 3509
3508 3509
3393 3510
3509 3510
3394 3511
3510 3511
3395 3512
3511 3512
3396 3513
3512 3513
3397 3514
3513 3514
3398 3515
3514 3515
3399 3516
3515 3516
3400 3517
3516 3517
3401 3518
3517 3518
3402 3519
3518 3519
3403 3520
3519 3520
3404 3521
3520 3521
3405 3522
3521 3522
3406 3523
3522 3523
3407 3524
3523 3524
3408 3525
3524 3525
3409 3526
3525 3526
3410 3527
3526 3527
3411 3528
3527 3528
3412 3529
3528 3529
3413 3530
3529 3530
3414 3531
3530 3531
3415 3532
3531 3532
3416 3533
3532 3533
3417 3534
3533 3534
3418 3535
3534 3535
3419 3536
3535 3536
3420 3537
3536 3537
3421 3538
3537 3538
3480 3539
3538 3539
3422 3540
3423 3541
3540 3541
3424 3542
3541 3542
3425 3543
3542 3543
3426 3544
3543 3544
3427 3545
3544 3545
3428 3546
3545 3546
3429 3547
3546 3547
3430 3548
3547 3548
3431 3549
3548 3549
3432 3550
3549 3550
3433 3551
3550 3551
3434 3552
3551 3552
3435 3553
3552 3553
3436 3554
3553 3554
3437 3555
3554 3555
3438 3556
3555 3556
3439 3557
3556 3557
3440 3558
3557 3558
3441 3559
3558 3559
3442 3560
3559 3560
3443 3561
3560 3561
3444 3562
3561 3562
3445 3563
3562 3563
3446 3564
3563 3564
3447 3565
3564 3565
3448 3566
3565 3566
3449 3567
3566 3567
3450 3568
3567 3568
3451 3569
3568 3569
3452 3570
3569 3570
3453 3571
3570 3571
3454 3572
3571 3572
3455 3573
3572 3573
3456 3574
3573 3574
3457 3575
3574 3575
3458 3576
3575 3576
3459 3577
3576 3577
3460 3578
3577 3578
3461 3579
3578 3579
3462 3580
3579 3580
3463 3581
3580 3581
3464 3582
3581 3582
3465 3583
3582 3583
3466 3584
3583 3584
3467 3585
3584 3585
3468 3586
3585 3586
3469 3587
3586 3587
3470 3588
3587 3588
3471 3589
3588 3589
3472 3590
3589 3590
3473 3591
3590 3591
3474 3592
3591 3592
3475 3593
3592 3593
3476 3594
3593 3594
3477 3595
3594 3595
3478 3596
3595 3596
3479 3597
3596 3597
3480 3598
3597 3598
4981 4982
4841 4981
3481 3600
3482 3601
3600 3601
3483 3602
3601 3602
3484 3603
3602 3603
3485 3604
3603 3604
3486 3605
3604 3605
3487 3606
3605 3606
3488 3607
3606 3607
3489 3608
3607 3608
3490 3609
3608 3609
3491 3610
3609 3610
3492 3611
3610 3611
3493 3612
3611 3612
3494 3613
3612 3613
3495 3614
3613 3614
3496 3615
3614 3615
3497 3616
3615 3616
3498 3617
3616 3617
3499 3618
3617 3618
3500 3619
3618 3619
3501 3620
3619 3620
3502 3621
3620 3621
3503 3622
3621 3622
3504 3623
3622 3623
3505 3624
3623 3624
3506 3625
3624 3625
3507 3626
3625 3626
3508 3627
3626 3627
3509 3628
3627 3628
3510 3629
3628 3629
3511 3630
3629 3630
3512 3631
3630 3631
3513 3632
3631 3632
3514 3633
3632 3633
3515 3634
3633 3634
3516 3635
3634 3635
3517 3636
3635 3636
3518 3637
3636 3637
3519 3638
3637 3638
3520 3639
3638 3639
3521 3640
3639 3640
3522 3641
3640 3641
3523 3642
3641 3642
3524 3643
3642 3643
3525 3644
3643 3644
3526 3645
3644 3645
3527 3646
3645 3646
3528 3647
3646 3647
3529 3648
3647 3648
3530 3649
3648 3649
3531 3650
3649 3650
3532 3651
3650 3651
3533 3652
3651 3652
3534 3653
3652 3653
3535 3654
3653 3654
3536 3655
3654 3655
3537 3656
3655 3656
3538 3657
3656 3657
3539 3658
3657 3658
4980 4981
3658 3659
3540 3660
3541 3661
3660 3661
3542 3662
3661 3662
3543 3663
3662 3663
3544 3664
3663 3664
3545 3665
3664 3665
3546 3666
3665 3666
3547 3667
3666 3667
3548 3668
3667 3668
3549 3669
3668 3669
3550 3670
3669 3670
3551 3671
3670 3671
3552 3672
3671 3672
3553 3673
3672 3673
3554 3674
3673 3674
3555 3675
3674 3675
3556 3676
3675 3676
3557 3677
3676 3677
3558 3678
3677 3678
3559 3679
3678 3679
3560 3680
3679 3680
3561 3681
3680 3681
3562 3682
3681 3682
3563 3683
3682 3683
3564 3684
3683 3684
3565 3685
3684 3685
3566 3686
3685 3686
3567 3687
3686 3687
3568 3688
3687 3688
3569 3689
3688 3689
3570 3690
3689 3690
3571 3691
3690 3691
3572 3692
3691 3692
3573 3693
3692 3693
3574 3694
3693 3694
3575 3695
3694 3695
3576 3696
3695 3696
3577 3697
3696 3697
3578 3698
3697 3698
3579 3699
3698 3699
3580 3700
3699 3700
3581 3701
3700 3701
3582 3702
3701 3702
3583 3703
3702 3703
3584 3704
3703 3704
3585 3705
3704 3705
3586 3706
3705 3706
3587 3707
3706 3707
3588 3708
3707 3708
3589 3709
3708 3709
3590 3710
3709 3710
3591 3711
3710 3711
3592 3712
3711 3712
3593 3713
3712 3713
3594 3714
3713 3714
3595 3715
3714 3715
3596 3716
3715 3716
3597 3717
3716 3717
3598 3718
3717 3718
4842 4982
3718 3719
3659 3720
3719 3720
3600 3721
3601 3722
3721 3722
3602 3723
3722 3723
3603 3724
3723 3724
3604 3725
3724 3725
3605 3726
3725 3726
3606 3727
3726 3727
3607 3728
3727 3728
3608 3729
3728 3729
3609 3730
3729 3730
3610 3731
3730 3731
3611 3732
3731 3732
3612 3733
3732 3733
3613 3734
3733 3734
3614 3735
3734 3735
3615 3736
3735 3736
3616 3737
3736 3737
3617 3738
3737 3738
3618 3739
3738 3739
3619 3740
3739 3740
3620 3741
3740 3741
3621 3742
3741 3742
3622 3743
3742 3743
3623 3744
3743 3744
3624 3745
3744 3745
3625 3746
3745 3746
3626 3747
3746 3747
3627 3748
3747 3748
3628 3749
3748 3749
3629 3750
3749 3750
3630 3751
3750 3751
3631 3752
3751 3752
3632 3753
3752 3753
3633 3754
3753 3754
3634 3755
3754 3755
3635 3756
3755 3756
3636 3757
3756 3757
3637 3758
3757 3758
3638 3759
3758 3759
3639 3760
3759 3760
3640 3761
3760 3761
3641 3762
3761 3762
3642 3763
3762 3763
3643 3764
3763 3764
3644 3765
3764 3765
3645 3766
3765 3766
3646 3767
3766 3767
3647 3768
3767 3768
3648 3769
3768 3769
3649 3770
3769 3770
3650 3771
3770 3771
3651 3772
3771 3772
3652 3773
3772 3773
3653 3774
3773 3774
3654 3775
3774 3775
3655 3776
3775 3776
3656 3777
3776 3777
3657 3778
3777 3778
3658 3779
3778 3779
3659 3780
3779 3780
3720 3781
3780 3781
3660 3782
3661 3783
3782 3783
3662 3784
3783 3784
3663 3785
3784 3785
3664 3786
3785 3786
3665 3787
3786 3787
3666 3788
3787 3788
3667 3789
3788 3789
3668 3790
3789 3790
3669 3791
3790 3791
3670 3792
3791 3792
3671 3793
3792 3793
3672 3794
3793 3794
3673 3795
3794 3795
3674 3796
3795 3796
3675 3797
3796 3797
3676 3798
3797 3798
3677 3799
3798 3799
3678 3800
3799 3800
3679 3801
3800 3801
3680 3802
3801 3802
3681 3803
3802 3803
3682 3804
3803 3804
3683 3805
3804 3805
3684 3806
3805 3806
3685 3807
3806 3807
3686 3808
3807 3808
3687 3809
3808 3809
3688 3810
3809 3810
3689 3811
3810 3811
3690 3812
3811 3812
3691 3813
3812 3813
3692 3814
3813 3814
3693 3815
3814 3815
3694 3816
3815 3816
3695 3817
3816 3817
3696 3818
3817 3818
3697 3819
3818 3819
3698 3820
3819 3820
3699 3821
3820 3821
3700 3822
3821 3822
3701 3823
3822 3823
3702 3824
3823 3824
3703 3825
3824 3825
3704 3826
3825 3826
3705 3827
3826 3827
3706 3828
3827 3828
3707 3829
3828 3829
3708 3830
3829 3830
3709 3831
3830 3831
3710 3832
3831 3832
3711 3833
3832 3833
3712 3834
3833 3834
3713 3835
3834 3835
3714 3836
3835 3836
3715 3837
3836 3837
3716 3838
3837 3838
3717 3839
3838 3839
3718 3840
3839 3840
3719 3841
3840 3841
3720 3842
3841 3842
4979 4980
4839 4979
3721 3844
3722 3845
3844 3845
3723 3846
3845 3846
3724 3847
3846 3847
3725 3848
3847 3848
3726 3849
3848 3849
3727 3850
3849 3850
3728 3851
3850 3851
3729 3852
3851 3852
3730 3853
3852 3853
3731 3854
3853 3854
3732 3855
3854 3855
3733 3856
3855 3856
3734 3857
3856 3857
3735 3858
3857 3858
3736 3859
3858 3859
3737 3860
3859 3860
3738 3861
3860 3861
3739 3862
3861 3862
3740 3863
3862 3863
3741 3864
3863 3864
3742 3865
3864 3865
3743 3866
3865 3866
3744 3867
3866 3867
3745 3868
3867 3868
3746 3869
3868 3869
3747 3870
3869 3870
3748 3871
3870 3871
3749 3872
3871 3872
3750 3873
3872 3873
3751 3874
3873 3874
3752 3875
3874 3875
3753 3876
3875 3876
3754 3877
3876 3877
3755 3878
3877 3878
3756 3879
3878 3879
3757 3880
3879 3880
3758 3881
3880 3881
3759 3882
3881 3882
3760 3883
3882 3883
3761 3884
3883 3884
3762 3885
3884 3885
3763 3886
3885 3886
3764 3887
3886 3887
3765 3888
3887 3888
3766 3889
3888 3889
3767 3890
3889 3890
3768 3891
3890 3891
3769 3892
3891 3892
3770 3893
3892 3893
3771 3894
3893 3894
3772 3895
3894 3895
3773 3896
3895 3896
3774 3897
3896 3897
3775 3898
3897 3898
3776 3899
3898 3899
3777 3900
3899 3900
3778 3901
3900 3901
3779 3902
3901 3902
3780 3903
3902 3903
3781 3904
3903 3904
4978 4979
3904 3905
3782 3906
3783 3907
3906 3907
3784 3908
3907 3908
3785 3909
3908 3909
3786 3910
3909 3910
3787 3911
3910 3911
3788 3912
3911 3912
3789 3913
3912 3913
3790 3914
3913 3914
3791 3915
3914 3915
3792 3916
3915 3916
3793 3917
3916 3917
3794 3918
3917 3918
3795 3919
3918 3919
3796 3920
3919 3920
3797 3921
3920 3921
3798 3922
3921 3922
3799 3923
3922 3923
3800 3924
3923 3924
3801 3925
3924 3925
3802 3926
3925 3926
3803 3927
3926 3927
3804 3928
3927 3928
3805 3929
3928 3929
3806 3930
3929 3930
3807 3931
3930 3931
3808 3932
3931 3932
3809 3933
3932 3933
3810 3934
3933 3934
3811 3935
3934 3935
3812 3936
3935 3936
3813 3937
3936 3937
3814 3938
3937 3938
3815 3939
3938 3939
3816 3940
3939 3940
3817 3941
3940 3941
3818 3942
3941 3942
3819 3943
3942 3943
3820 3944
3943 3944
3821 3945
3944 3945
3822 3946
3945 3946
3823 3947
3946 3947
3824 3948
3947 3948
3825 3949
3948 3949
3826 3950
3949 3950
3827 3951
3950 3951
3828 3952
3951 3952
3829 3953
3952 3953
3830 3954
3953 3954
3831 3955
3954 3955
3832 3956
3955 3956
3833 3957
3956 3957
3834 3958
3957 3958
3835 3959
3958 3959
3836 3960
3959 3960
3837 3961
3960 3961
3838 3962
3961 3962
3839 3963
3962 3963
3840 3964
3963 3964
3841 3965
3964 3965
3842 3966
3965 3966
4840 4980
3966 3967
3905 3968
3967 3968
3844 3969
3845 3970
3969 3970
3846 3971
3970 3971
3847 3972
3971 3972
3848 3973
3972 3973
3849 3974
3973 3974
3850 3975
3974 3975
3851 3976
3975 3976
3852 3977
3976 3977
3853 3978
3977 3978
3854 3979
3978 3979
3855 3980
3979 3980
3856 3981
3980 3981
3857 3982
3981 3982
3858 3983
3982 3983
3859 3984
3983 3984
3860 3985
3984 3985
3861 3986
3985 3986
3862 3987
3986 3987
3863 3988
3987 3988
3864 3989
3988 3989
3865 3990
3989 3990
3866 3991
3990 3991
3867 3992
3991 3992
3868 3993
3992 3993
3869 3994
3993 3994
3870 3995
3994 3995
3871 3996
3995 3996
3872 3997
3996 3997
3873 3998
3997 3998
3874 3999
3998 3999
3875 4000
3999 4000
3876 4001
4000 4001
3877 4002
4001 4002
3878 4003
4002 4003
3879 4004
4003 4004
3880 4005
4004 4005
3881 4006
4005 4006
3882 4007
4006 4007
3883 4008
4007 4008
3884 4009
4008 4009
3885 4010
4009 4010
3886 4011
4010 4011
3887 4012
4011 4012
3888 4013
4012 4013
3889 4014
4013 4014
3890 4015
4014 4015
3891 4016
4015 4016
3892 4017
4016 4017
3893 4018
4017 4018
3894 4019
4018 4019
3895 4020
4019 4020
3896 4021
4020 4021
3897 4022
4021 4022
3898 4023
4022 4023
3899 4024
4023 4024
3900 4025
4024 4025
3901 4026
4025 4026
3902 4027
4026 4027
3903 4028
4027 4028
3904 4029
4028 4029
3905 4030
4029 4030
3968 4031
4030 4031
3906 4032
3907 4033
4032 4033
3908 4034
4033 4034
3909 4035
4034 4035
3910 4036
4035 4036
3911 4037
4036 4037
3912 4038
4037 4038
3913 4039
4038 4039
3914 4040
4039 4040
3915 4041
4040 4041
3916 4042
4041 4042
3917 4043
4042 4043
3918 4044
4043 4044
3919 4045
4044 4045
3920 4046
4045 4046
3921 4047
4046 4047
3922 4048
4047 4048
3923 4049
4048 4049
3924 4050
4049 4050
3925 4051
4050 4051
3926 4052
4051 4052
3927 4053
4052 4053
3928 4054
4053 4054
3929 4055
4054 4055
3930 4056
4055 4056
3931 4057
4056 4057
3932 4058
4057 4058
3933 4059
4058 4059
3934 4060
4059 4060
3935 4061
4060 4061
3936 4062
4061 4062
3937 4063
4062 4063
3938 4064
4063 4064
3939 4065
4064 4065
3940 4066
4065 4066
3941 4067
4066 4067
3942 4068
4067 4068
3943 4069
4068 4069
3944 4070
4069 4070
3945 4071
4070 4071
3946 4072
4071 4072
3947 4073
4072 4073
3948 4074
4073 4074
3949 4075
4074 4075
3950 4076
4075 4076
3951 4077
4076 4077
3952 4078
4077 4078
3953 4079
4078 4079
3954 4080
4079 4080
3955 4081
4080 4081
3956 4082
4081 4082
3957 4083
4082 4083
3958 4084
4083 4084
3959 4085
4084 4085
3960 4086
4085 4086
3961 4087
4086 4087
3962 4088
4087 4088
3963 4089
4088 4089
3964 4090
4089 4090
3965 4091
4090 4091
3966 4092
4091 4092
3967 4093
4092 4093
3968 4094
4093 4094
4977 4978
4837 4977
3969 4096
3970 4097
4096 4097
3971 4098
4097 4098
3972 4099
4098 4099
3973 4100
4099 4100
3974 4101
4100 4101
3975 4102
4101 4102
3976 4103
4102 4103
3977 4104
4103 4104
3978 4105
4104 4105
3979 4106
4105 4106
3980 4107
4106 4107
3981 4108
4107 4108
3982 4109
4108 4109
3983 4110
4109 4110
3984 4111
4110 4111
3985 4112
4111 4112
3986 4113
4112 4113
3987 4114
4113 4114
3988 4115
4114 4115
3989 4116
4115 4116
3990 4117
4116 4117
3991 4118
4117 4118
3992 4119
4118 4119
3993 4120
4119 4120
3994 4121
4120 4121
3995 4122
4121 4122
3996 4123
4122 4123
3997 4124
4123 4124
3998 4125
4124 4125
3999 4126
4125 4126
4000 4127
4126 4127
4001 4128
4127 4128
4002 4129
4128 4129
4003 4130
4129 4130
4004 4131
4130 4131
4005 4132
4131 4132
4006 4133
4132 4133
4007 4134
4133 4134
4008 4135
4134 4135
4009 4136
4135 4136
4010 4137
4136 4137
4011 4138
4137 4138
4012 4139
4138 4139
4013 4140
4139 4140
4014 4141
4140 4141
4015 4142
4141 4142
4016 4143
4142 4143
4017 4144
4143 4144
4018 4145
4144 4145
4019 4146
4145 4146
4020 4147
4146 4147
4021 4148
4147 4148
4022 4149
4148 4149
4023 4150
4149 4150
4024 4151
4150 4151
4025 4152
4151 4152
4026 4153
4152 4153
4027 4154
4153 4154
4028 4155
4154 4155
4029 4156
4155 4156
4030 4157
4156 4157
4031 4158
4157 4158
4976 4977
4158 4159
4032 4160
4033 4161
4160 4161
4034 4162
4161 4162
4035 4163
4162 4163
4036 4164
4163 4164
4037 4165
4164 4165
4038 4166
4165 4166
4039 4167
4166 4167
4040 4168
4167 4168
4041 4169
4168 4169
4042 4170
4169 4170
4043 4171
4170 4171
4044 4172
4171 4172
4045 4173
4172 4173
4046 4174
4173 4174
4047 4175
4174 4175
4048 4176
4175 4176
4049 4177
4176 4177
4050 4178
4177 4178
4051 4179
4178 4179
4052 4180
4179 4180
4053 4181
4180 4181
4054 4182
4181 4182
4055 4183
4182 4183
4056 4184
4183 4184
4057 4185
4184 4185
4058 4186
4185 4186
4059 4187
4186 4187
4060 4188
4187 4188
4061 4189
4188 4189
4062 4190
4189 4190
4063 4191
4190 4191
4064 4192
4191 4192
4065 4193
4192 4193
4066 4194
4193 4194
4067 4195
4194 4195
4068 4196
4195 4196
4069 4197
4196 4197
4070 4198
4197 4198
4071 4199
4198 4199
4072 4200
4199 4200
4073 4201
4200 4201
4074 4202
4201 4202
4075 4203
4202 4203
4076 4204
4203 4204
4077 4205
4204 4205
4078 4206
4205 4206
4079 4207
4206 4207
4080 4208
4207 4208
4081 4209
4208 4209
4082 4210
4209 4210
4083 4211
4210 4211
4084 4212
4211 4212
4085 4213
4212 4213
4086 4214
4213 4214
4087 4215
4214 4215
4088 4216
4215 4216
4089 4217
4216 4217
4090 4218
4217 4218
4091 4219
4218 4219
4092 4220
4219 4220
4093 4221
4220 4221
4094 4222
4221 4222
4838 4978
4222 4223
4159 4224
4223 4224
4096 4225
4097 4226
4225 4226
4098 4227
4226 4227
4099 4228
4227 4228
4100 4229
4228 4229
4101 4230
4229 4230
4102 4231
4230 4231
4103 4232
4231 4232
4104 4233
4232 4233
4105 4234
4233 4234
4106 4235
4234 4235
4107 4236
4235 4236
4108 4237
4236 4237
4109 4238
4237 4238
4110 4239
4238 4239
4111 4240
4239 4240
4112 4241
4240 4241
4113 4242
4241 4242
4114 4243
4242 4243
4115 4244
4243 4244
4116 4245
4244 4245
4117 4246
4245 4246
4118 4247
4246 4247
4119 4248
4247 4248
4120 4249
4248 4249
4121 4250
4249 4250
4122 4251
4250 4251
4123 4252
4251 4252
4124 4253
4252 4253
4125 4254
4253 4254
4126 4255
4254 4255
4127 4256
4255 4256
4128 4257
4256 4257
4129 4258
4257 4258
4130 4259
4258 4259
4131 4260
4259 4260
4132 4261
4260 4261
4133 4262
4261 4262
4134 4263
4262 4263
4135 4264
4263 4264
4136 4265
4264 4265
4137 4266
4265 4266
4138 4267
4266 4267
4139 4268
4267 4268
4140 4269
4268 4269
4141 4270
4269 4270
4142 4271
4270 4271
4143 4272
4271 4272
4144 4273
4272 4273
4145 4274
4273 4274
4146 4275
4274 4275
4147 4276
4275 4276
4148 4277
4276 4277
4149 4278
4277 4278
4150 4279
4278 4279
4151 4280
4279 4280
4152 4281
4280 4281
4153 4282
4281 4282
4154 4283
4282 4283
4155 4284
4283 4284
4156 4285
4284 4285
4157 4286
4285 4286
4158 4287
4286 4287
4159 4288
4287 4288
4224 4289
4288 4289
4160 4290
4161 4291
4290 4291
4162 4292
4291 4292
4163 4293
4292 4293
4164 4294
4293 4294
4165 4295
4294 4295
4166 4296
4295 4296
4167 4297
4296 4297
4168 4298
4297 4298
4169 4299
4298 4299
4170 4300
4299 4300
4171 4301
4300 4301
4172 4302
4301 4302
4173 4303
4302 4303
4174 4304
4303 4304
4175 4305
4304 4305
4176 4306
4305 4306
4177 4307
4306 4307
4178 4308
4307 4308
4179 4309
4308 4309
4180 4310
4309 4310
4181 4311
4310 4311
4182 4312
4311 4312
4183 4313
4312 4313
4184 4314
4313 4314
4185 4315
4314 4315
4186 4316
4315 4316
4187 4317
4316 4317
4188 4318
4317 4318
4189 4319
4318 4319
4190 4320
4319 4320
4191 4321
4320 4321
4192 4322
4321 4322
4193 4323
4322 4323
4194 4324
4323 4324
4195 4325
4324 4325
4196 4326
4325 4326
4197 4327
4326 4327
4198 4328
4327 4328
4199 4329
4328 4329
4200 4330
4329 4330
4201 4331
4330 4331
4202 4332
4331 4332
4203 4333
4332 4333
4204 4334
4333 4334
4205 4335
4334 4335
4206 4336
4335 4336
4207 4337
4336 4337
4208 4338
4337 4338
4209 4339
4338 4339
4210 4340
4339 4340
4211 4341
4340 4341
4212 4342
4341 4342
4213 4343
4342 4343
4214 4344
4343 4344
4215 4345
4344 4345
4216 4346
4345 4346
4217 4347
4346 4347
4218 4348
4347 4348
4219 4349
4348 4349
4220 4350
4349 4350
4221 4351
4350 4351
4222 4352
4351 4352
4223 4353
4352 4353
4224 4354
4353 4354
4975 4976
4835 4975
4225 4356
4226 4357
4356 4357
4227 4358
4357 4358
4228 4359
4358 4359
4229 4360
4359 4360
4230 4361
4360 4361
4231 4362
4361 4362
4232 4363
4362 4363
4233 4364
4363 4364
4234 4365
4364 4365
4235 4366
4365 4366
4236 4367
4366 4367
4237 4368
4367 4368
4238 4369
4368 4369
4239 4370
4369 4370
4240 4371
4370 4371
4241 4372
4371 4372
4242 4373
4372 4373
4243 4374
4373 4374
4244 4375
4374 4375
4245 4376
4375 4376
4246 4377
4376 4377
4247 4378
4377 4378
4248 4379
4378 4379
4249 4380
4379 4380
4250 4381
4380 4381
4251 4382
4381 4382
4252 4383
4382 4383
4253 4384
4383 4384
4254 4385
4384 4385
4255 4386
4385 4386
4256 4387
4386 4387
4257 4388
4387 4388
4258 4389
4388 4389
4259 4390
4389 4390
4260 4391
4390 4391
4261 4392
4391 4392
4262 4393
4392 4393
4263 4394
4393 4394
4264 4395
4394 4395
4265 4396
4395 4396
4266 4397
4396 4397
4267 4398
4397 4398
4268 4399
4398 4399
4269 4400
4399 4400
4270 4401
4400 4401
4271 4402
4401 4402
4272 4403
4402 4403
4273 4404
4403 4404
4274 4405
4404 4405
4275 4406
4405 4406
4276 4407
4406 4407
4277 4408
4407 4408
4278 4409
4408 4409
4279 4410
4409 4410
4280 4411
4410 4411
4281 4412
4411 4412
4282 4413
4412 4413
4283 4414
4413 4414
4284 4415
4414 4415
4285 4416
4415 4416
4286 4417
4416 4417
4287 4418
4417 4418
4288 4419
4418 4419
4289 4420
4419 4420
4974 4975
4420 4421
4290 4422
4291 4423
4422 4423
4292 4424
4423 4424
4293 4425
4424 4425
4294 4426
4425 4426
4295 4427
4426 4427
4296 4428
4427 4428
4297 4429
4428 4429
4298 4430
4429 4430
4299 4431
4430 4431
4300 4432
4431 4432
4301 4433
4432 4433
4302 4434
4433 4434
4303 4435
4434 4435
4304 4436
4435 4436
4305 4437
4436 4437
4306 4438
4437 4438
4307 4439
4438 4439
4308 4440
4439 4440
4309 4441
4440 4441
4310 4442
4441 4442
4311 4443
4442 4443
4312 4444
4443 4444
4313 4445
4444 4445
4314 4446
4445 4446
4315 4447
4446 4447
4316 4448
4447 4448
4317 4449
4448 4449
4318 4450
4449 4450
4319 4451
4450 4451
4320 4452
4451 4452
4321 4453
4452 4453
4322 4454
4453 4454
4323 4455
4454 4455
4324 4456
4455 4456
4325 4457
4456 4457
4326 4458
4457 4458
4327 4459
4458 4459
4328 4460
4459 4460
4329 4461
4460 4461
4330 4462
4461 4462
4331 4463
4462 4463
4332 4464
4463 4464
4333 4465
4464 4465
4334 4466
4465 4466
4335 4467
4466 4467
4336 4468
4467 4468
4337 4469
4468 4469
4338 4470
4469 4470
4339 4471
4470 4471
4340 4472
4471 4472
4341 4473
4472 4473
4342 4474
4473 4474
4343 4475
4474 4475
4344 4476
4475 4476
4345 4477
4476 4477
4346 4478
4477 4478
4347 4479
4478 4479
4348 4480
4479 4480
4349 4481
4480 4481
4350 4482
4481 4482
4351 4483
4482 4483
4352 4484
4483 4484
4353 4485
4484 4485
4354 4486
4485 4486
4836 4976
4486 4487
4421 4488
4487 4488
4356 4489
4357 4490
4489 4490
4358 4491
4490 4491
4359 4492
4491 4492
4360 4493
4492 4493
4361 4494
4493 4494
4362 4495
4494 4495
4363 4496
4495 4496
4364 4497
4496 4497
4365 4498
4497 4498
4366 4499
4498 4499
4367 4500
4499 4500
4368 4501
4500 4501
4369 4502
4501 4502
4370 4503
4502 4503
4371 4504
4503 4504
4372 4505
4504 4505
4373 4506
4505 4506
4374 4507
4506 4507
4375 4508
4507 4508
4376 4509
4508 4509
4377 4510
4509 4510
4378 4511
4510 4511
4379 4512
4511 4512
4380 4513
4512 4513
4381 4514
4513 4514
4382 4515
4514 4515
4383 4516
4515 4516
4384 4517
4516 4517
4385 4518
4517 4518
4386 4519
4518 4519
4387 4520
4519 4520
4388 4521
4520 4521
4389 4522
4521 4522
4390 4523
4522 4523
4391 4524
4523 4524
4392 4525
4524 4525
4393 4526
4525 4526
4394 4527
4526 4527
4395 4528
4527 4528
4396 4529
4528 4529
4397 4530
4529 4530
4398 4531
4530 4531
4399 4532
4531 4532
4400 4533
4532 4533
4401 4534
4533 4534
4402 4535
4534 4535
4403 4536
4535 4536
4404 4537
4536 4537
4405 4538
4537 4538
4406 4539
4538 4539
4407 4540
4539 4540
4408 4541
4540 4541
4409 4542
4541 4542
4410 4543
4542 4543
4411 4544
4543 4544
4412 4545
4544 4545
4413 4546
4545 4546
4414 4547
4546 4547
4415 4548
4547 4548
4416 4549
4548 4549
4417 4550
4549 4550
4418 4551
4550 4551
4419 4552
4551 4552
4420 4553
4552 4553
4421 4554
4553 4554
4488 4555
4554 4555
4422 4556
4423 4557
4556 4557
4424 4558
4557 4558
4425 4559
4558 4559
4426 4560
4559 4560
4427 4561
4560 4561
4428 4562
4561 4562
4429 4563
4562 4563
4430 4564
4563 4564
4431 4565
4564 4565
4432 4566
4565 4566
4433 4567
4566 4567
4434 4568
4567 4568
4435 4569
4568 4569
4436 4570
4569 4570
4437 4571
4570 4571
4438 4572
4571 4572
4439 4573
4572 4573
4440 4574
4573 4574
4441 4575
4574 4575
4442 4576
4575 4576
4443 4577
4576 4577
4444 4578
4577 4578
4445 4579
4578 4579
4446 4580
4579 4580
4447 4581
4580 4581
4448 4582
4581 4582
4449 4583
4582 4583
4450 4584
4583 4584
4451 4585
4584 4585
4452 4586
4585 4586
4453 4587
4586 4587
4454 4588
4587 4588
4455 4589
4588 4589
4456 4590
4589 4590
4457 4591
4590 4591
4458 4592
4591 4592
4459 4593
4592 4593
4460 4594
4593 4594
4461 4595
4594 4595
4462 4596
4595 4596
4463 4597
4596 4597
4464 4598
4597 4598
4465 4599
4598 4599
4466 4600
4599 4600
4467 4601
4600 4601
4468 4602
4601 4602
4469 4603
4602 4603
4470 4604
4603 4604
4471 4605
4604 4605
4472 4606
4605 4606
4473 4607
4606 4607
4474 4608
4607 4608
4475 4609
4608 4609
4476 4610
4609 4610
4477 4611
4610 4611
4478 4612
4611 4612
4479 4613
4612 4613
4480 4614
4613 4614
4481 4615
4614 4615
4482 4616
4615 4616
4483 4617
4616 4617
4484 4618
4617 4618
4485 4619
4618 4619
4486 4620
4619 4620
4487 4621
4620 4621
4488 4622
4621 4622
4973 4974
4833 4973
4489 4624
4490 4625
4624 4625
4491 4626
4625 4626
4492 4627
4626 4627
4493 4628
4627 4628
4494 4629
4628 4629
4495 4630
4629 4630
4496 4631
4630 4631
4497 4632
4631 4632
4498 4633
4632 4633
4499 4634
4633 4634
4500 4635
4634 4635
4501 4636
4635 4636
4502 4637
4636 4637
4503 4638
4637 4638
4504 4639
4638 4639
4505 4640
4639 4640
4506 4641
4640 4641
4507 4642
4641 4642
4508 4643
4642 4643
4509 4644
4643 4644
4510 4645
4644 4645
4511 4646
4645 4646
4512 4647
4646 4647
4513 4648
4647 4648
4514 4649
4648 4649
4515 4650
4649 4650
4516 4651
4650 4651
4517 4652
4651 4652
4518 4653
4652 4653
4519 4654
4653 4654
4520 4655
4654 4655
4521 4656
4655 4656
4522 4657
4656 4657
4523 4658
4657 4658
4524 4659
4658 4659
4525 4660
4659 4660
4526 4661
4660 4661
4527 4662
4661 4662
4528 4663
4662 4663
4529 4664
4663 4664
4530 4665
4664 4665
4531 4666
4665 4666
4532 4667
4666 4667
4533 4668
4667 4668
4534 4669
4668 4669
4535 4670
4669 4670
4536 4671
4670 4671
4537 4672
4671 4672
4538 4673
4672 4673
4539 4674
4673 4674
4540 4675
4674 4675
4541 4676
4675 4676
4542 4677
4676 4677
4543 4678
4677 4678
4544 4679
4678 4679
4545 4680
4679 4680
4546 4681
4680 4681
4547 4682
4681 4682
4548 4683
4682 4683
4549 4684
4683 4684
4550 4685
4684 4685
4551 4686
4685 4686
4552 4687
4686 4687
4553 4688
4687 4688
4554 4689
4688 4689
4555 4690
4689 4690
4972 4973
4690 4691
4556 4692
4557 4693
4692 4693
4558 4694
4693 4694
4559 4695
4694 4695
4560 4696
4695 4696
4561 4697
4696 4697
4562 4698
4697 4698
4563 4699
4698 4699
4564 4700
4699 4700
4565 4701
4700 4701
4566 4702
4701 4702
4567 4703
4702 4703
4568 4704
4703 4704
4569 4705
4704 4705
4570 4706
4705 4706
4571 4707
4706 4707
4572 4708
4707 4708
4573 4709
4708 4709
4574 4710
4709 4710
4575 4711
4710 4711
4576 4712
4711 4712
4577 4713
4712 4713
4578 4714
4713 4714
4579 4715
4714 4715
4580 4716
4715 4716
4581 4717
4716 4717
4582 4718
4717 4718
4583 4719
4718 4719
4584 4720
4719 4720
4585 4721
4720 4721
4586 4722
4721 4722
4587 4723
4722 4723
4588 4724
4723 4724
4589 4725
4724 4725
4590 4726
4725 4726
4591 4727
4726 4727
4592 4728
4727 4728
4593 4729
4728 4729
4594 4730
4729 4730
4595 4731
4730 4731
4596 4732
4731 4732
4597 4733
4732 4733
4598 4734
4733 4734
4599 4735
4734 4735
4600 4736
4735 4736
4601 4737
4736 4737
4602 4738
4737 4738
4603 4739
4738 4739
4604 4740
4739 4740
4605 4741
4740 4741
4606 4742
4741 4742
4607 4743
4742 4743
4608 4744
4743 4744
4609 4745
4744 4745
4610 4746
4745 4746
4611 4747
4746 4747
4612 4748
4747 4748
4613 4749
4748 4749
4614 4750
4749 4750
4615 4751
4750 4751
4616 4752
4751 4752
4617 4753
4752 4753
4618 4754
4753 4754
4619 4755
4754 4755
4620 4756
4755 4756
4621 4757
4756 4757
4622 4758
4757 4758
4834 4974
4758 4759
4691 4760
4759 4760
4624 4761
4625 4762
4761 4762
4626 4763
4762 4763
4627 4764
4763 4764
4628 4765
4764 4765
4629 4766
4765 4766
4630 4767
4766 4767
4631 4768
4767 4768
4632 4769
4768 4769
4633 4770
4769 4770
4634 4771
4770 4771
4635 4772
4771 4772
4636 4773
4772 4773
4637 4774
4773 4774
4638 4775
4774 4775
4639 4776
4775 4776
4640 4777
4776 4777
4641 4778
4777 4778
4642 4779
4778 4779
4643 4780
4779 4780
4644 4781
4780 4781
4645 4782
4781 4782
4646 4783
4782 4783
4647 4784
4783 4784
4648 4785
4784 4785
4649 4786
4785 4786
4650 4787
4786 4787
4651 4788
4787 4788
4652 4789
4788 4789
4653 4790
4789 4790
4654 4791
4790 4791
4655 4792
4791 4792
4656 4793
4792 4793
4657 4794
4793 4794
4658 4795
4794 4795
4659 4796
4795 4796
4660 4797
4796 4797
4661 4798
4797 4798
4662 4799
4798 4799
4663 4800
4799 4800
4664 4801
4800 4801
4665 4802
4801 4802
4666 4803
4802 4803
4667 4804
4803 4804
4668 4805
4804 4805
4669 4806
4805 4806
4670 4807
4806 4807
4671 4808
4807 4808
4672 4809
4808 4809
4673 4810
4809 4810
4674 4811
4810 4811
4675 4812
4811 4812
4676 4813
4812 4813
4677 4814
4813 4814
4678 4815
4814 4815
4679 4816
4815 4816
4680 4817
4816 4817
4681 4818
4817 4818
4682 4819
4818 4819
4683 4820
4819 4820
4684 4821
4820 4821
4685 4822
4821 4822
4686 4823
4822 4823
4687 4824
4823 4824
4688 4825
4824 4825
4689 4826
4825 4826
4690 4827
4826 4827
4691 4828
4827 4828
4760 4829
4828 4829
4692 4830
4693 4831
4830 4831
4694 4832
4831 4832
4695 4833
4832 4833
4696 4834
4833 4834
4697 4835
4834 4835
4698 4836
4835 4836
4699 4837
4836 4837
4700 4838
4837 4838
4701 4839
4838 4839
4702 4840
4839 4840
4703 4841
4840 4841
4704 4842
4841 4842
4705 4843
4842 4843
4706 4844
4843 4844
4707 4845
4844 4845
4708 4846
4845 4846
4709 4847
4846 4847
4710 4848
4847 4848
4711 4849
4848 4849
4712 4850
4849 4850
4713 4851
4850 4851
4714 4852
4851 4852
4715 4853
4852 4853
4716 4854
4853 4854
4717 4855
4854 4855
4718 4856
4855 4856
4719 4857
4856 4857
4720 4858
4857 4858
4721 4859
4858 4859
4722 4860
4859 4860
4723 4861
4860 4861
4724 4862
4861 4862
4725 4863
4862 4863
4726 4864
4863 4864
4727 4865
4864 4865
4728 4866
4865 4866
4729 4867
4866 4867
4730 4868
4867 4868
4731 4869
4868 4869
4732 4870
4869 4870
4733 4871
4870 4871
4734 4872
4871 4872
4735 4873
4872 4873
4736 4874
4873 4874
4737 4875
4874 4875
4738 4876
4875 4876
4739 4877
4876 4877
4740 4878
4877 4878
4741 4879
4878 4879
4742 4880
4879 4880
4743 4881
4880 4881
4744 4882
4881 4882
4745 4883
4882 4883
4746 4884
4883 4884
4747 4885
4884 4885
4748 4886
4885 4886
4749 4887
4886 4887
4750 4888
4887 4888
4751 4889
4888 4889
4752 4890
4889 4890
4753 4891
4890 4891
4754 4892
4891 4892
4755 4893
4892 4893
4756 4894
4893 4894
4757 4895
4894 4895
4758 4896
4895 4896
4759 4897
4896 4897
4760 4898
4897 4898
4971 4972
4831 4971
4761 4900
4762 4901
4900 4901
4763 4902
4901 4902
4764 4903
4902 4903
4765 4904
4903 4904
4766 4905
4904 4905
4767 4906
4905 4906
4768 4907
4906 4907
4769 4908
4907 4908
4770 4909
4908 4909
4771 4910
4909 4910
4772 4911
4910 4911
4773 4912
4911 4912
4774 4913
4912 4913
4775 4914
4913 4914
4776 4915
4914 4915
4777 4916
4915 4916
4778 4917
4916 4917
4779 4918
4917 4918
4780 4919
4918 4919
4781 4920
4919 4920
4782 4921
4920 4921
4783 4922
4921 4922
4784 4923
4922 4923
4785 4924
4923 4924
4786 4925
4924 4925
4787 4926
4925 4926
4788 4927
4926 4927
4789 4928
4927 4928
4790 4929
4928 4929
4791 4930
4929 4930
4792 4931
4930 4931
4793 4932
4931 4932
4794 4933
4932 4933
4795 4934
4933 4934
4796 4935
4934 4935
4797 4936
4935 4936
4798 4937
4936 4937
4799 4938
4937 4938
4800 4939
4938 4939
4801 4940
4939 4940
4802 4941
4940 4941
4803 4942
4941 4942
4804 4943
4942 4943
4805 4944
4943 4944
4806 4945
4944 4945
4807 4946
4945 4946
4808 4947
4946 4947
4809 4948
4947 4948
4810 4949
4948 4949
4811 4950
4949 4950
4812 4951
4950 4951
4813 4952
4951 4952
4814 4953
4952 4953
4815 4954
4953 4954
4816 4955
4954 4955
4817 4956
4955 4956
4818 4957
4956 4957
4819 4958
4957 4958
4820 4959
4958 4959
4821 4960
4959 4960
4822 4961
4960 4961
4823 4962
4961 4962
4824 4963
4962 4963
4825 4964
4963 4964
4826 4965
4964 4965
4827 4966
4965 4966
4828 4967
4966 4967
4829 4968
4967 4968
4970 4971
4968 4969
4830 4970
