5001
0 1
0 2
2 3
3 4
1 5
4 6
1 7
2 8
7 9
4 10
3 11
2 12
7 13
0 14
8 15
0 16
4 17
14 18
8 19
5 20
6 21
16 22
11 23
5 24
6 25
24 26
4 27
10 28
25 29
27 30
27 31
16 32
4 33
2 34
1 35
25 36
20 37
4 38
5 39
37 40
11 41
7 42
34 43
24 44
39 45
8 46
37 47
6 48
0 49
40 50
2 51
2 52
52 53
50 54
17 55
2 56
51 57
38 58
16 59
6 60
11 61
20 62
25 63
60 64
54 65
11 66
62 67
6 68
21 69
4 70
17 71
69 72
25 73
69 74
60 75
74 76
6 77
20 78
4 79
25 80
0 81
60 82
11 83
56 84
6 85
56 86
7 87
50 88
65 89
49 90
11 91
33 92
37 93
17 94
38 95
0 96
35 97
39 98
5 99
50 100
51 101
4 102
88 103
85 104
85 105
56 106
39 107
68 108
21 109
49 110
65 111
93 112
88 113
40 114
74 115
50 116
49 117
52 118
34 119
37 120
102 121
8 122
100 123
72 124
54 125
72 126
68 127
100 128
93 129
16 130
48 131
72 132
2 133
114 134
25 135
34 136
78 137
88 138
10 139
49 140
69 141
65 142
132 143
17 144
54 145
116 146
74 147
69 148
100 149
111 150
69 151
102 152
12 153
126 154
48 155
27 156
148 157
89 158
126 159
132 160
89 161
25 162
74 163
39 164
126 165
33 166
72 167
2 168
1 169
99 170
168 171
89 172
17 173
52 174
21 175
81 176
109 177
21 178
89 179
35 180
151 181
37 182
68 183
179 184
179 185
14 186
172 187
145 188
161 189
60 190
1 191
0 192
4 193
21 194
192 195
34 196
172 197
27 198
194 199
49 200
133 201
37 202
50 203
169 204
133 205
4 206
167 207
99 208
179 209
40 210
14 211
69 212
126 213
158 214
70 215
178 216
35 217
4 218
49 219
96 220
4 221
6 222
33 223
96 224
169 225
72 226
179 227
109 228
182 229
218 230
100 231
206 232
51 233
167 234
151 235
38 236
51 237
1 238
69 239
125 240
47 241
49 242
34 243
33 244
69 245
191 246
78 247
145 248
99 249
68 250
81 251
69 252
203 253
12 254
102 255
141 256
4 257
175 258
109 259
257 260
3 261
226 262
93 263
161 264
50 265
142 266
27 267
2 268
70 269
25 270
47 271
202 272
158 273
111 274
124 275
175 276
257 277
178 278
102 279
191 280
6 281
257 282
210 283
203 284
218 285
54 286
24 287
265 288
286 289
11 290
178 291
8 292
0 293
77 294
1 295
49 296
125 297
206 298
1 299
65 300
56 301
179 302
275 303
0 304
35 305
145 306
37 307
78 308
21 309
56 310
78 311
268 312
218 313
179 314
39 315
20 316
50 317
4 318
78 319
125 320
81 321
49 322
100 323
257 324
210 325
5 326
77 327
126 328
6 329
37 330
6 331
65 332
299 333
307 334
68 335
16 336
222 337
5 338
245 339
56 340
99 341
120 342
49 343
124 344
93 345
299 346
304 347
172 348
175 349
100 350
245 351
133 352
317 353
48 354
318 355
100 356
332 357
330 358
16 359
60 360
169 361
252 362
1 363
50 364
226 365
332 366
2 367
194 368
222 369
56 370
172 371
307 372
338 373
261 374
304 375
52 376
1 377
133 378
221 379
169 380
56 381
93 382
145 383
214 384
182 385
206 386
125 387
239 388
77 389
96 390
293 391
68 392
191 393
102 394
304 395
50 396
377 397
299 398
214 399
212 400
8 401
332 402
77 403
367 404
1 405
132 406
330 407
214 408
226 409
300 410
172 411
62 412
384 413
132 414
210 415
399 416
268 417
191 418
344 419
47 420
65 421
214 422
10 423
238 424
35 425
24 426
293 427
273 428
88 429
169 430
99 431
265 432
47 433
77 434
21 435
299 436
51 437
338 438
218 439
265 440
81 441
435 442
273 443
35 444
221 445
78 446
309 447
151 448
72 449
245 450
408 451
238 452
299 453
210 454
202 455
226 456
422 457
293 458
295 459
21 460
39 461
142 462
50 463
329 464
460 465
126 466
303 467
178 468
275 469
303 470
161 471
12 472
21 473
77 474
178 475
3 476
463 477
317 478
331 479
316 480
49 481
281 482
39 483
39 484
332 485
435 486
65 487
338 488
281 489
487 490
265 491
125 492
148 493
212 494
281 495
65 496
145 497
126 498
4 499
125 500
0 501
3 502
252 503
111 504
111 505
470 506
261 507
81 508
175 509
422 510
141 511
449 512
6 513
210 514
252 515
126 516
405 517
40 518
72 519
293 520
318 521
8 522
169 523
257 524
133 525
473 526
222 527
4 528
193 529
132 530
265 531
88 532
93 533
384 534
212 535
222 536
421 537
252 538
435 539
364 540
102 541
396 542
142 543
299 544
100 545
148 546
245 547
245 548
193 549
8 550
25 551
2 552
307 553
226 554
102 555
293 556
4 557
25 558
518 559
194 560
37 561
245 562
304 563
79 564
202 565
109 566
396 567
257 568
496 569
148 570
304 571
513 572
449 573
513 574
178 575
158 576
77 577
24 578
77 579
245 580
473 581
100 582
203 583
70 584
363 585
300 586
24 587
463 588
126 589
206 590
408 591
318 592
261 593
502 594
148 595
182 596
50 597
182 598
422 599
2 600
329 601
214 602
344 603
0 604
17 605
24 606
0 607
1 608
435 609
268 610
299 611
68 612
77 613
175 614
597 615
27 616
99 617
396 618
56 619
37 620
257 621
69 622
318 623
37 624
534 625
5 626
81 627
363 628
60 629
460 630
239 631
309 632
239 633
273 634
168 635
40 636
168 637
295 638
145 639
81 640
167 641
222 642
331 643
501 644
364 645
463 646
50 647
100 648
72 649
124 650
56 651
245 652
330 653
124 654
132 655
597 656
39 657
38 658
238 659
88 660
460 661
487 662
158 663
158 664
69 665
172 666
214 667
210 668
221 669
265 670
203 671
222 672
17 673
245 674
151 675
62 676
300 677
281 678
226 679
421 680
178 681
597 682
151 683
650 684
332 685
396 686
607 687
38 688
299 689
435 690
608 691
4 692
576 693
109 694
206 695
518 696
14 697
467 698
7 699
364 700
281 701
222 702
133 703
3 704
182 705
194 706
158 707
467 708
206 709
435 710
257 711
191 712
467 713
597 714
534 715
193 716
158 717
37 718
120 719
40 720
172 721
116 722
717 723
332 724
330 725
158 726
399 727
74 728
35 729
8 730
663 731
698 732
222 733
120 734
295 735
649 736
408 737
202 738
422 739
602 740
396 741
502 742
78 743
396 744
72 745
552 746
654 747
463 748
513 749
194 750
179 751
210 752
167 753
435 754
93 755
35 756
111 757
470 758
168 759
265 760
665 761
449 762
226 763
600 764
33 765
708 766
704 767
470 768
206 769
338 770
56 771
326 772
193 773
624 774
168 775
717 776
4 777
2 778
100 779
720 780
467 781
261 782
2 783
487 784
620 785
384 786
126 787
52 788
168 789
499 790
239 791
39 792
649 793
68 794
56 795
692 796
338 797
330 798
218 799
317 800
206 801
396 802
649 803
622 804
16 805
12 806
85 807
167 808
148 809
331 810
463 811
608 812
252 813
7 814
469 815
10 816
469 817
469 818
151 819
206 820
192 821
364 822
317 823
79 824
470 825
210 826
93 827
96 828
338 829
717 830
665 831
202 832
132 833
713 834
120 835
487 836
626 837
168 838
133 839
664 840
202 841
620 842
257 843
12 844
77 845
172 846
221 847
781 848
37 849
40 850
100 851
396 852
56 853
109 854
463 855
647 856
12 857
145 858
99 859
265 860
124 861
99 862
318 863
473 864
713 865
364 866
24 867
210 868
602 869
421 870
620 871
732 872
604 873
39 874
151 875
20 876
332 877
141 878
876 879
24 880
89 881
295 882
667 883
212 884
145 885
273 886
151 887
435 888
745 889
158 890
21 891
54 892
261 893
487 894
3 895
111 896
79 897
449 898
624 899
17 900
2 901
48 902
182 903
172 904
604 905
892 906
218 907
463 908
145 909
203 910
849 911
367 912
413 913
467 914
513 915
435 916
519 917
528 918
895 919
604 920
620 921
132 922
40 923
48 924
1 925
707 926
210 927
245 928
895 929
745 930
561 931
925 932
330 933
460 934
299 935
329 936
178 937
717 938
496 939
600 940
316 941
214 942
876 943
460 944
649 945
51 946
576 947
413 948
16 949
650 950
158 951
624 952
309 953
281 954
626 955
70 956
745 957
194 958
872 959
125 960
363 961
141 962
17 963
636 964
132 965
4 966
850 967
10 968
316 969
100 970
50 971
326 972
309 973
48 974
192 975
408 976
145 977
214 978
275 979
330 980
25 981
778 982
33 983
50 984
203 985
79 986
221 987
141 988
469 989
257 990
27 991
467 992
52 993
132 994
552 995
168 996
65 997
576 998
182 999
33 1000
148 1001
876 1002
70 1003
650 1004
326 1005
37 1006
377 1007
300 1008
778 1009
534 1010
206 1011
12 1012
984 1013
38 1014
650 1015
210 1016
901 1017
344 1018
212 1019
65 1020
309 1021
338 1022
4 1023
518 1024
363 1025
518 1026
206 1027
399 1028
210 1029
7 1030
992 1031
47 1032
78 1033
212 1034
329 1035
384 1036
309 1037
487 1038
212 1039
114 1040
0 1041
239 1042
212 1043
667 1044
299 1045
56 1046
81 1047
1041 1048
850 1049
56 1050
597 1051
6 1052
81 1053
331 1054
85 1055
330 1056
1 1057
145 1058
222 1059
178 1060
99 1061
1041 1062
992 1063
214 1064
1023 1065
1041 1066
528 1067
3 1068
148 1069
24 1070
872 1071
460 1072
286 1073
707 1074
708 1075
47 1076
534 1077
179 1078
602 1079
145 1080
51 1081
72 1082
192 1083
11 1084
665 1085
1057 1086
169 1087
698 1088
1057 1089
925 1090
70 1091
499 1092
68 1093
698 1094
238 1095
49 1096
275 1097
330 1098
636 1099
1064 1100
14 1101
0 1102
861 1103
4 1104
226 1105
602 1106
252 1107
707 1108
667 1109
698 1110
624 1111
100 1112
24 1113
133 1114
69 1115
1071 1116
281 1117
1057 1118
338 1119
50 1120
14 1121
966 1122
125 1123
206 1124
732 1125
145 1126
24 1127
966 1128
469 1129
408 1130
81 1131
718 1132
664 1133
212 1134
39 1135
377 1136
557 1137
11 1138
273 1139
0 1140
48 1141
52 1142
33 1143
85 1144
261 1145
158 1146
626 1147
175 1148
161 1149
275 1150
783 1151
47 1152
1052 1153
62 1154
2 1155
913 1156
552 1157
221 1158
745 1159
331 1160
636 1161
925 1162
281 1163
948 1164
11 1165
1057 1166
96 1167
487 1168
1140 1169
901 1170
914 1171
239 1172
318 1173
148 1174
52 1175
132 1176
597 1177
363 1178
25 1179
576 1180
202 1181
405 1182
654 1183
5 1184
148 1185
552 1186
81 1187
519 1188
476 1189
707 1190
1110 1191
997 1192
96 1193
971 1194
608 1195
881 1196
895 1197
942 1198
4 1199
1023 1200
212 1201
257 1202
1041 1203
708 1204
518 1205
238 1206
850 1207
942 1208
167 1209
0 1210
552 1211
89 1212
167 1213
519 1214
499 1215
992 1216
561 1217
245 1218
56 1219
192 1220
649 1221
513 1222
561 1223
1212 1224
79 1225
68 1226
60 1227
221 1228
34 1229
172 1230
191 1231
68 1232
12 1233
125 1234
93 1235
318 1236
1212 1237
636 1238
12 1239
561 1240
1041 1241
717 1242
261 1243
1150 1244
849 1245
895 1246
959 1247
622 1248
252 1249
1247 1250
1036 1251
1036 1252
519 1253
4 1254
667 1255
245 1256
901 1257
20 1258
96 1259
608 1260
786 1261
647 1262
992 1263
408 1264
24 1265
460 1266
959 1267
24 1268
984 1269
47 1270
331 1271
116 1272
786 1273
48 1274
778 1275
133 1276
607 1277
496 1278
326 1279
1156 1280
102 1281
597 1282
978 1283
194 1284
1250 1285
114 1286
39 1287
499 1288
25 1289
650 1290
252 1291
778 1292
650 1293
1036 1294
476 1295
720 1296
148 1297
132 1298
364 1299
245 1300
52 1301
226 1302
997 1303
979 1304
513 1305
942 1306
1064 1307
0 1308
1155 1309
1250 1310
12 1311
607 1312
62 1313
518 1314
708 1315
654 1316
781 1317
895 1318
717 1319
35 1320
329 1321
182 1322
1 1323
449 1324
713 1325
133 1326
344 1327
892 1328
151 1329
132 1330
210 1331
602 1332
396 1333
265 1334
275 1335
293 1336
88 1337
1254 1338
1155 1339
5 1340
713 1341
203 1342
40 1343
51 1344
422 1345
1335 1346
14 1347
212 1348
718 1349
622 1350
1343 1351
47 1352
783 1353
364 1354
25 1355
913 1356
102 1357
338 1358
502 1359
501 1360
470 1361
37 1362
891 1363
1356 1364
971 1365
1 1366
720 1367
14 1368
460 1369
1340 1370
1104 1371
202 1372
608 1373
1102 1374
1280 1375
273 1376
238 1377
1120 1378
1335 1379
293 1380
116 1381
79 1382
158 1383
192 1384
191 1385
997 1386
60 1387
210 1388
363 1389
273 1390
1285 1391
1156 1392
167 1393
959 1394
717 1395
7 1396
72 1397
732 1398
984 1399
161 1400
81 1401
37 1402
145 1403
667 1404
745 1405
1052 1406
275 1407
979 1408
326 1409
1199 1410
161 1411
399 1412
405 1413
1402 1414
304 1415
367 1416
942 1417
4 1418
275 1419
473 1420
422 1421
218 1422
1104 1423
966 1424
1280 1425
717 1426
664 1427
476 1428
377 1429
317 1430
849 1431
14 1432
194 1433
1052 1434
132 1435
286 1436
881 1437
876 1438
781 1439
914 1440
745 1441
151 1442
708 1443
1335 1444
96 1445
268 1446
114 1447
27 1448
69 1449
182 1450
600 1451
1280 1452
913 1453
720 1454
1356 1455
364 1456
222 1457
56 1458
664 1459
1094 1460
3 1461
133 1462
1356 1463
528 1464
997 1465
1419 1466
182 1467
38 1468
786 1469
293 1470
34 1471
7 1472
16 1473
1155 1474
1110 1475
68 1476
1323 1477
252 1478
1391 1479
304 1480
1479 1481
698 1482
238 1483
222 1484
1394 1485
487 1486
317 1487
576 1488
1280 1489
966 1490
726 1491
608 1492
496 1493
24 1494
1375 1495
665 1496
449 1497
1156 1498
148 1499
501 1500
111 1501
6 1502
238 1503
102 1504
502 1505
60 1506
221 1507
39 1508
125 1509
876 1510
1036 1511
1407 1512
413 1513
692 1514
111 1515
158 1516
377 1517
624 1518
600 1519
1402 1520
1419 1521
329 1522
502 1523
16 1524
8 1525
8 1526
377 1527
1461 1528
261 1529
1102 1530
1104 1531
1 1532
20 1533
1323 1534
1479 1535
126 1536
1254 1537
1156 1538
12 1539
421 1540
51 1541
148 1542
925 1543
158 1544
51 1545
607 1546
1146 1547
665 1548
1535 1549
923 1550
265 1551
1280 1552
1323 1553
37 1554
316 1555
111 1556
17 1557
663 1558
948 1559
316 1560
604 1561
1392 1562
1532 1563
413 1564
901 1565
20 1566
1538 1567
51 1568
27 1569
56 1570
1532 1571
1102 1572
396 1573
120 1574
1554 1575
338 1576
890 1577
8 1578
245 1579
1140 1580
487 1581
718 1582
1057 1583
27 1584
534 1585
326 1586
74 1587
179 1588
161 1589
239 1590
203 1591
519 1592
1391 1593
786 1594
49 1595
552 1596
720 1597
1285 1598
597 1599
1258 1600
473 1601
602 1602
168 1603
1495 1604
469 1605
37 1606
1419 1607
557 1608
102 1609
890 1610
552 1611
169 1612
303 1613
463 1614
37 1615
1212 1616
923 1617
469 1618
513 1619
62 1620
891 1621
984 1622
528 1623
518 1624
114 1625
52 1626
34 1627
1156 1628
992 1629
167 1630
513 1631
281 1632
1088 1633
316 1634
50 1635
1250 1636
984 1637
69 1638
608 1639
24 1640
1397 1641
4 1642
1097 1643
467 1644
487 1645
40 1646
218 1647
132 1648
604 1649
4 1650
1554 1651
273 1652
206 1653
218 1654
923 1655
24 1656
54 1657
1554 1658
1650 1659
1635 1660
1628 1661
17 1662
1150 1663
1082 1664
88 1665
959 1666
257 1667
1538 1668
169 1669
316 1670
470 1671
1513 1672
238 1673
1482 1674
329 1675
111 1676
74 1677
151 1678
1082 1679
68 1680
1356 1681
649 1682
109 1683
473 1684
552 1685
1419 1686
460 1687
1394 1688
1593 1689
460 1690
124 1691
109 1692
1544 1693
0 1694
1155 1695
331 1696
212 1697
979 1698
745 1699
203 1700
622 1701
40 1702
125 1703
1538 1704
901 1705
1606 1706
881 1707
1489 1708
923 1709
959 1710
20 1711
303 1712
597 1713
1 1714
35 1715
304 1716
1267 1717
169 1718
1120 1719
622 1720
293 1721
925 1722
210 1723
901 1724
1356 1725
1088 1726
307 1727
460 1728
925 1729
318 1730
557 1731
6 1732
268 1733
191 1734
331 1735
1102 1736
62 1737
70 1738
51 1739
667 1740
14 1741
203 1742
786 1743
206 1744
1407 1745
384 1746
93 1747
1552 1748
1254 1749
519 1750
501 1751
413 1752
25 1753
141 1754
5 1755
1102 1756
148 1757
1552 1758
252 1759
1020 1760
496 1761
1481 1762
48 1763
1102 1764
783 1765
210 1766
1064 1767
476 1768
1453 1769
34 1770
460 1771
881 1772
1452 1773
1210 1774
1267 1775
408 1776
116 1777
1666 1778
1606 1779
1023 1780
114 1781
168 1782
193 1783
65 1784
60 1785
286 1786
2 1787
513 1788
1711 1789
1210 1790
942 1791
1082 1792
608 1793
552 1794
39 1795
116 1796
1646 1797
214 1798
1694 1799
1310 1800
1598 1801
435 1802
745 1803
1110 1804
650 1805
1210 1806
449 1807
182 1808
273 1809
38 1810
1391 1811
499 1812
959 1813
408 1814
1375 1815
1452 1816
892 1817
261 1818
1094 1819
78 1820
79 1821
1366 1822
552 1823
552 1824
126 1825
1082 1826
647 1827
1482 1828
901 1829
109 1830
222 1831
172 1832
273 1833
109 1834
331 1835
330 1836
141 1837
1813 1838
158 1839
114 1840
161 1841
1258 1842
192 1843
1532 1844
114 1845
1340 1846
47 1847
1140 1848
8 1849
54 1850
69 1851
286 1852
48 1853
1082 1854
245 1855
111 1856
192 1857
1628 1858
978 1859
647 1860
6 1861
226 1862
1714 1863
273 1864
1097 1865
1102 1866
1811 1867
1666 1868
1310 1869
561 1870
1335 1871
469 1872
52 1873
1140 1874
1850 1875
665 1876
99 1877
326 1878
206 1879
51 1880
330 1881
133 1882
1343 1883
1254 1884
79 1885
513 1886
720 1887
667 1888
948 1889
604 1890
1691 1891
1366 1892
496 1893
1184 1894
116 1895
1533 1896
1362 1897
178 1898
413 1899
698 1900
891 1901
1254 1902
1714 1903
239 1904
74 1905
913 1906
518 1907
1628 1908
881 1909
1861 1910
1489 1911
1598 1912
718 1913
344 1914
1710 1915
141 1916
1199 1917
704 1918
299 1919
1323 1920
1310 1921
65 1922
421 1923
1642 1924
37 1925
193 1926
408 1927
1449 1928
221 1929
338 1930
49 1931
891 1932
70 1933
1566 1934
600 1935
959 1936
261 1937
519 1938
713 1939
34 1940
1340 1941
218 1942
331 1943
1861 1944
99 1945
783 1946
1023 1947
12 1948
1710 1949
513 1950
14 1951
667 1952
16 1953
1489 1954
1247 1955
222 1956
1006 1957
89 1958
1691 1959
12 1960
1394 1961
552 1962
1258 1963
273 1964
252 1965
1343 1966
1285 1967
1407 1968
1156 1969
5 1970
979 1971
338 1972
1088 1973
1308 1974
125 1975
1925 1976
102 1977
133 1978
663 1979
597 1980
1746 1981
281 1982
38 1983
881 1984
377 1985
1267 1986
1482 1987
1636 1988
698 1989
1787 1990
1097 1991
881 1992
650 1993
0 1994
1041 1995
861 1996
212 1997
74 1998
307 1999
519 2000
93 2001
781 2002
1544 2003
1606 2004
11 2005
470 2006
1513 2007
1694 2008
1787 2009
1140 2010
1267 2011
54 2012
501 2013
1552 2014
704 2015
1210 2016
654 2017
1199 2018
663 2019
1613 2020
222 2021
1798 2022
1366 2023
664 2024
626 2025
281 2026
1989 2027
1712 2028
88 2029
1970 2030
0 2031
193 2032
3 2033
79 2034
951 2035
608 2036
35 2037
1199 2038
332 2039
1102 2040
52 2041
745 2042
39 2043
252 2044
367 2045
597 2046
1815 2047
650 2048
1280 2049
1036 2050
238 2051
62 2052
25 2053
40 2054
1495 2055
876 2056
408 2057
226 2058
72 2059
1694 2060
914 2061
622 2062
273 2063
132 2064
1694 2065
1606 2066
1335 2067
303 2068
210 2069
16 2070
226 2071
364 2072
2054 2073
692 2074
1554 2075
1784 2076
1250 2077
745 2078
1502 2079
1057 2080
25 2081
65 2082
0 2083
720 2084
56 2085
286 2086
501 2087
1094 2088
194 2089
245 2090
111 2091
210 2092
1787 2093
1694 2094
0 2095
1899 2096
732 2097
914 2098
1155 2099
1544 2100
141 2101
718 2102
1613 2103
7 2104
861 2105
707 2106
872 2107
14 2108
717 2109
142 2110
252 2111
1398 2112
467 2113
96 2114
78 2115
2095 2116
265 2117
1861 2118
1212 2119
93 2120
79 2121
47 2122
449 2123
1104 2124
1418 2125
1267 2126
132 2127
363 2128
1636 2129
338 2130
413 2131
212 2132
1156 2133
89 2134
1815 2135
2082 2136
1267 2137
704 2138
624 2139
206 2140
1798 2141
1994 2142
1097 2143
1210 2144
1340 2145
1212 2146
364 2147
2031 2148
299 2149
24 2150
1900 2151
1489 2152
1150 2153
513 2154
1392 2155
1755 2156
120 2157
1102 2158
221 2159
1481 2160
449 2161
1554 2162
300 2163
1746 2164
194 2165
54 2166
654 2167
399 2168
1453 2169
959 2170
1644 2171
1481 2172
1006 2173
496 2174
1994 2175
2172 2176
0 2177
77 2178
1638 2179
1104 2180
1155 2181
620 2182
1247 2183
245 2184
1120 2185
1308 2186
992 2187
499 2188
226 2189
1104 2190
281 2191
948 2192
93 2193
1635 2194
1714 2195
1564 2196
467 2197
179 2198
2134 2199
3 2200
48 2201
1762 2202
620 2203
281 2204
1936 2205
1899 2206
502 2207
330 2208
513 2209
331 2210
167 2211
463 2212
1900 2213
1958 2214
1710 2215
193 2216
2083 2217
487 2218
24 2219
778 2220
692 2221
1308 2222
913 2223
5 2224
959 2225
1064 2226
745 2227
2054 2228
1861 2229
1398 2230
12 2231
557 2232
1752 2233
1452 2234
1082 2235
1250 2236
1156 2237
1383 2238
720 2239
1613 2240
708 2241
77 2242
2082 2243
88 2244
330 2245
24 2246
286 2247
698 2248
557 2249
39 2250
326 2251
1155 2252
1102 2253
713 2254
626 2255
2236 2256
51 2257
1102 2258
1479 2259
460 2260
2166 2261
435 2262
1712 2263
1362 2264
992 2265
850 2266
70 2267
1899 2268
3 2269
604 2270
1104 2271
169 2272
62 2273
1481 2274
692 2275
704 2276
1798 2277
265 2278
1535 2279
48 2280
707 2281
1449 2282
1071 2283
925 2284
487 2285
1925 2286
1088 2287
501 2288
2095 2289
69 2290
1407 2291
1702 2292
1068 2293
519 2294
2224 2295
951 2296
2269 2297
1502 2298
273 2299
1064 2300
1922 2301
890 2302
600 2303
206 2304
377 2305
172 2306
914 2307
3 2308
331 2309
331 2310
501 2311
39 2312
1120 2313
726 2314
210 2315
330 2316
1666 2317
2200 2318
17 2319
665 2320
1110 2321
2259 2322
467 2323
979 2324
304 2325
60 2326
317 2327
636 2328
1394 2329
1989 2330
132 2331
499 2332
966 2333
1989 2334
1482 2335
25 2336
161 2337
626 2338
1071 2339
1498 2340
1461 2341
1418 2342
1815 2343
52 2344
1094 2345
1071 2346
1156 2347
1104 2348
1958 2349
309 2350
2134 2351
1851 2352
1635 2353
992 2354
713 2355
191 2356
1097 2357
720 2358
1362 2359
781 2360
1394 2361
707 2362
876 2363
1532 2364
608 2365
273 2366
299 2367
1383 2368
718 2369
96 2370
212 2371
1746 2372
300 2373
8 2374
330 2375
329 2376
1461 2377
664 2378
467 2379
212 2380
40 2381
1969 2382
48 2383
99 2384
861 2385
2224 2386
168 2387
2049 2388
206 2389
561 2390
1057 2391
476 2392
2012 2393
81 2394
172 2395
1356 2396
408 2397
7 2398
99 2399
2095 2400
1644 2401
1657 2402
1657 2403
226 2404
487 2405
881 2406
273 2407
89 2408
212 2409
1323 2410
0 2411
1097 2412
499 2413
218 2414
1850 2415
1593 2416
62 2417
665 2418
1150 2419
114 2420
265 2421
377 2422
1425 2423
145 2424
408 2425
1335 2426
226 2427
12 2428
100 2429
1811 2430
1498 2431
286 2432
145 2433
2134 2434
636 2435
245 2436
1402 2437
405 2438
102 2439
1657 2440
1155 2441
1813 2442
182 2443
2202 2444
604 2445
2411 2446
1604 2447
1120 2448
2379 2449
620 2450
557 2451
732 2452
1343 2453
1615 2454
1694 2455
281 2456
17 2457
2082 2458
469 2459
881 2460
1839 2461
786 2462
2055 2463
344 2464
367 2465
286 2466
654 2467
923 2468
85 2469
2134 2470
1461 2471
1502 2472
124 2473
942 2474
602 2475
1552 2476
942 2477
1125 2478
38 2479
891 2480
214 2481
2223 2482
239 2483
966 2484
1362 2485
245 2486
667 2487
1285 2488
245 2489
396 2490
1020 2491
329 2492
1752 2493
624 2494
1489 2495
309 2496
626 2497
12 2498
1323 2499
1020 2500
1425 2501
992 2502
1746 2503
20 2504
717 2505
2134 2506
1094 2507
1533 2508
1489 2509
191 2510
1994 2511
16 2512
2488 2513
1210 2514
607 2515
239 2516
35 2517
1210 2518
1425 2519
37 2520
93 2521
1156 2522
179 2523
1082 2524
24 2525
238 2526
293 2527
25 2528
210 2529
2177 2530
1628 2531
2408 2532
109 2533
2473 2534
607 2535
1544 2536
27 2537
718 2538
1102 2539
1762 2540
1020 2541
1254 2542
1712 2543
2068 2544
1502 2545
239 2546
1752 2547
469 2548
435 2549
222 2550
1495 2551
1097 2552
1452 2553
1636 2554
2274 2555
2107 2556
1453 2557
622 2558
664 2559
1383 2560
561 2561
2290 2562
1593 2563
1452 2564
704 2565
665 2566
396 2567
1628 2568
1068 2569
286 2570
966 2571
2323 2572
2540 2573
54 2574
0 2575
2134 2576
2082 2577
1702 2578
2379 2579
1120 2580
2481 2581
2068 2582
2068 2583
717 2584
654 2585
49 2586
408 2587
1646 2588
304 2589
1533 2590
99 2591
1184 2592
1746 2593
2520 2594
1746 2595
100 2596
2411 2597
377 2598
1489 2599
307 2600
778 2601
69 2602
206 2603
647 2604
470 2605
1392 2606
1606 2607
172 2608
1258 2609
169 2610
2197 2611
109 2612
502 2613
2473 2614
363 2615
120 2616
1762 2617
273 2618
2308 2619
1461 2620
1115 2621
2031 2622
576 2623
126 2624
2055 2625
473 2626
329 2627
1398 2628
286 2629
1285 2630
1628 2631
1310 2632
148 2633
99 2634
1936 2635
518 2636
1535 2637
96 2638
1150 2639
1254 2640
469 2641
1212 2642
178 2643
1784 2644
1615 2645
1097 2646
948 2647
850 2648
88 2649
1362 2650
89 2651
1397 2652
2160 2653
959 2654
114 2655
959 2656
2551 2657
604 2658
2170 2659
720 2660
81 2661
2033 2662
300 2663
261 2664
50 2665
2259 2666
1041 2667
1642 2668
257 2669
499 2670
1156 2671
1155 2672
179 2673
2488 2674
647 2675
175 2676
99 2677
65 2678
268 2679
2308 2680
1552 2681
2630 2682
70 2683
626 2684
304 2685
2473 2686
168 2687
338 2688
293 2689
2031 2690
293 2691
148 2692
2059 2693
309 2694
2237 2695
1343 2696
2274 2697
636 2698
1425 2699
2630 2700
979 2701
1564 2702
132 2703
1714 2704
2665 2705
1657 2706
2665 2707
214 2708
561 2709
124 2710
717 2711
422 2712
1150 2713
1452 2714
1604 2715
1535 2716
1638 2717
2033 2718
191 2719
597 2720
1258 2721
50 2722
24 2723
948 2724
125 2725
69 2726
713 2727
329 2728
622 2729
151 2730
1310 2731
1155 2732
74 2733
1110 2734
1798 2735
861 2736
161 2737
2488 2738
2012 2739
449 2740
2574 2741
1813 2742
265 2743
892 2744
1787 2745
1402 2746
1366 2747
68 2748
1502 2749
620 2750
1481 2751
1425 2752
1120 2753
1958 2754
50 2755
1310 2756
212 2757
948 2758
1566 2759
1418 2760
1104 2761
1210 2762
745 2763
1636 2764
35 2765
93 2766
624 2767
528 2768
1564 2769
1310 2770
626 2771
1036 2772
984 2773
111 2774
1495 2775
141 2776
745 2777
2722 2778
923 2779
422 2780
501 2781
1104 2782
708 2783
576 2784
1955 2785
1642 2786
218 2787
1267 2788
1489 2789
1538 2790
239 2791
1732 2792
1516 2793
496 2794
2095 2795
145 2796
876 2797
597 2798
2 2799
726 2800
1712 2801
717 2802
1452 2803
275 2804
1900 2805
408 2806
2447 2807
608 2808
959 2809
435 2810
1383 2811
1752 2812
1482 2813
2488 2814
1199 2815
1343 2816
891 2817
239 2818
2083 2819
913 2820
2347 2821
2077 2822
1967 2823
783 2824
78 2825
20 2826
1994 2827
182 2828
726 2829
891 2830
307 2831
2678 2832
2540 2833
470 2834
1702 2835
12 2836
2236 2837
2183 2838
257 2839
222 2840
34 2841
6 2842
435 2843
2083 2844
1636 2845
2522 2846
2166 2847
21 2848
2097 2849
69 2850
1498 2851
1308 2852
1502 2853
654 2854
881 2855
923 2856
1064 2857
1955 2858
141 2859
2520 2860
667 2861
1068 2862
1 2863
1615 2864
534 2865
1071 2866
309 2867
698 2868
1638 2869
2113 2870
1150 2871
109 2872
2540 2873
88 2874
1362 2875
295 2876
212 2877
214 2878
1115 2879
664 2880
1097 2881
951 2882
214 2883
74 2884
2617 2885
168 2886
273 2887
68 2888
979 2889
1115 2890
413 2891
951 2892
1644 2893
720 2894
25 2895
1936 2896
1899 2897
1755 2898
890 2899
37 2900
501 2901
496 2902
519 2903
608 2904
2308 2905
1666 2906
111 2907
72 2908
624 2909
50 2910
422 2911
109 2912
1861 2913
214 2914
2715 2915
2908 2916
1398 2917
1811 2918
304 2919
959 2920
1593 2921
1646 2922
1714 2923
2900 2924
2172 2925
24 2926
1970 2927
85 2928
732 2929
1906 2930
65 2931
1666 2932
1094 2933
50 2934
1839 2935
2082 2936
708 2937
1120 2938
872 2939
1110 2940
597 2941
148 2942
141 2943
221 2944
48 2945
5 2946
96 2947
2200 2948
124 2949
132 2950
2323 2951
34 2952
2308 2953
405 2954
1247 2955
726 2956
2722 2957
179 2958
72 2959
120 2960
2540 2961
1544 2962
2237 2963
69 2964
665 2965
600 2966
850 2967
781 2968
718 2969
17 2970
781 2971
892 2972
79 2973
317 2974
304 2975
88 2976
1150 2977
2097 2978
1210 2979
607 2980
1861 2981
778 2982
2083 2983
2504 2984
35 2985
2097 2986
496 2987
1006 2988
1900 2989
2868 2990
74 2991
102 2992
413 2993
1657 2994
2408 2995
966 2996
1146 2997
172 2998
2878 2999
1657 3000
1936 3001
1644 3002
2949 3003
1425 3004
1593 3005
1212 3006
2878 3007
413 3008
142 3009
2955 3010
2323 3011
1798 3012
1449 3013
3008 3014
1732 3015
1628 3016
1057 3017
1125 3018
2955 3019
620 3020
1356 3021
77 3022
1310 3023
1425 3024
142 3025
132 3026
895 3027
942 3028
1811 3029
1071 3030
3008 3031
951 3032
0 3033
364 3034
1994 3035
78 3036
1250 3037
226 3038
1839 3039
2708 3040
649 3041
1752 3042
2934 3043
2850 3044
895 3045
116 3046
2654 3047
1366 3048
1407 3049
210 3050
501 3051
1732 3052
193 3053
626 3054
704 3055
2878 3056
978 3057
600 3058
1052 3059
2807 3060
2200 3061
1140 3062
1691 3063
850 3064
467 3065
2012 3066
876 3067
1041 3068
1900 3069
1606 3070
1712 3071
664 3072
1041 3073
68 3074
2323 3075
704 3076
1970 3077
576 3078
2 3079
2202 3080
141 3081
778 3082
169 3083
1 3084
713 3085
39 3086
925 3087
1064 3088
116 3089
647 3090
2223 3091
1 3092
707 3093
2012 3094
1958 3095
467 3096
1615 3097
2775 3098
2170 3099
2166 3100
2012 3101
2949 3102
1813 3103
5 3104
1593 3105
116 3106
3037 3107
2183 3108
534 3109
2012 3110
667 3111
1449 3112
1593 3113
2200 3114
1967 3115
1657 3116
2891 3117
881 3118
10 3119
1646 3120
1097 3121
2900 3122
2946 3123
2678 3124
1210 3125
1115 3126
421 3127
1335 3128
597 3129
78 3130
959 3131
2914 3132
2755 3133
408 3134
1694 3135
2949 3136
2082 3137
120 3138
2224 3139
2574 3140
1104 3141
1989 3142
222 3143
476 3144
179 3145
221 3146
518 3147
2842 3148
39 3149
1383 3150
1064 3151
141 3152
948 3153
649 3154
1210 3155
720 3156
1615 3157
1702 3158
1752 3159
1125 3160
295 3161
2134 3162
1110 3163
2602 3164
49 3165
1650 3166
2931 3167
951 3168
20 3169
65 3170
1340 3171
50 3172
881 3173
2726 3174
2993 3175
2488 3176
299 3177
608 3178
3060 3179
890 3180
718 3181
35 3182
1839 3183
1146 3184
449 3185
502 3186
2133 3187
2931 3188
2259 3189
1746 3190
2200 3191
218 3192
1638 3193
210 3194
65 3195
2671 3196
125 3197
2269 3198
2200 3199
1657 3200
2170 3201
2202 3202
2481 3203
1615 3204
1554 3205
2225 3206
326 3207
667 3208
1394 3209
3179 3210
518 3211
534 3212
377 3213
2993 3214
2993 3215
62 3216
499 3217
363 3218
2826 3219
600 3220
777 3221
1023 3222
3092 3223
501 3224
861 3225
124 3226
650 3227
2883 3228
2077 3229
2200 3230
1666 3231
202 3232
2665 3233
212 3234
1613 3235
2095 3236
1762 3237
2775 3238
1566 3239
2082 3240
37 3241
93 3242
528 3243
1125 3244
203 3245
435 3246
2654 3247
1535 3248
561 3249
2842 3250
1593 3251
307 3252
88 3253
2710 3254
626 3255
966 3256
3079 3257
1280 3258
399 3259
1752 3260
1593 3261
561 3262
2452 3263
70 3264
861 3265
2708 3266
35 3267
2665 3268
2955 3269
1784 3270
303 3271
2225 3272
2083 3273
2630 3274
1254 3275
2710 3276
1356 3277
1212 3278
1784 3279
363 3280
1210 3281
1861 3282
317 3283
54 3284
384 3285
20 3286
1280 3287
54 3288
2651 3289
34 3290
3284 3291
2200 3292
2715 3293
16 3294
745 3295
167 3296
6 3297
182 3298
1036 3299
3285 3300
257 3301
1308 3302
3287 3303
463 3304
3080 3305
4 3306
1815 3307
2408 3308
3271 3309
2955 3310
5 3311
14 3312
1711 3313
167 3314
62 3315
576 3316
1714 3317
2133 3318
99 3319
293 3320
2269 3321
2540 3322
1650 3323
502 3324
203 3325
1564 3326
2868 3327
1638 3328
3202 3329
2077 3330
1513 3331
330 3332
1712 3333
40 3334
133 3335
2863 3336
2708 3337
35 3338
2408 3339
2891 3340
2863 3341
460 3342
275 3343
54 3344
501 3345
21 3346
2520 3347
3286 3348
49 3349
496 3350
2959 3351
1383 3352
72 3353
1391 3354
1340 3355
966 3356
1064 3357
5 3358
2826 3359
1906 3360
148 3361
1967 3362
622 3363
923 3364
597 3365
2160 3366
1615 3367
2914 3368
151 3369
1392 3370
1925 3371
2722 3372
1552 3373
2236 3374
1598 3375
226 3376
303 3377
3131 3378
93 3379
175 3380
1936 3381
518 3382
913 3383
120 3384
1635 3385
704 3386
2012 3387
1702 3388
384 3389
1383 3390
1732 3391
1922 3392
422 3393
1199 3394
331 3395
2160 3396
449 3397
2097 3398
12 3399
1394 3400
81 3401
1210 3402
626 3403
3131 3404
141 3405
1746 3406
1513 3407
125 3408
1994 3409
317 3410
3343 3411
2891 3412
102 3413
408 3414
2274 3415
1906 3416
1644 3417
607 3418
663 3419
1449 3420
2910 3421
1006 3422
2630 3423
2248 3424
984 3425
1340 3426
1102 3427
2678 3428
1851 3429
518 3430
5 3431
2630 3432
778 3433
708 3434
1604 3435
1615 3436
2575 3437
79 3438
2575 3439
2868 3440
2411 3441
1425 3442
1267 3443
951 3444
781 3445
1397 3446
2452 3447
2183 3448
2551 3449
2908 3450
2237 3451
1787 3452
1247 3453
1150 3454
1714 3455
783 3456
1258 3457
2054 3458
210 3459
698 3460
261 3461
79 3462
1212 3463
203 3464
2850 3465
626 3466
1711 3467
1258 3468
1564 3469
2197 3470
3008 3471
363 3472
179 3473
997 3474
1481 3475
2665 3476
2308 3477
2868 3478
2225 3479
3460 3480
449 3481
4 3482
194 3483
1356 3484
1418 3485
2715 3486
1564 3487
70 3488
54 3489
1732 3490
88 3491
3084 3492
141 3493
1375 3494
1068 3495
2863 3496
698 3497
608 3498
116 3499
1813 3500
1815 3501
100 3502
151 3503
405 3504
39 3505
2656 3506
469 3507
2236 3508
265 3509
20 3510
5 3511
1787 3512
330 3513
1552 3514
125 3515
2236 3516
3226 3517
1068 3518
1969 3519
145 3520
51 3521
161 3522
2170 3523
3092 3524
1955 3525
664 3526
1969 3527
3179 3528
528 3529
1615 3530
502 3531
1064 3532
3195 3533
1762 3534
3092 3535
2949 3536
38 3537
421 3538
3353 3539
1479 3540
1604 3541
4 3542
2678 3543
1936 3544
3306 3545
1449 3546
212 3547
636 3548
56 3549
102 3550
2665 3551
1752 3552
1210 3553
124 3554
948 3555
11 3556
1615 3557
1839 3558
304 3559
72 3560
3172 3561
1461 3562
316 3563
38 3564
1650 3565
3288 3566
1955 3567
329 3568
2848 3569
72 3570
3354 3571
1036 3572
718 3573
1362 3574
27 3575
2678 3576
191 3577
1642 3578
3554 3579
3170 3580
654 3581
1762 3582
2820 3583
2959 3584
850 3585
2900 3586
218 3587
331 3588
3195 3589
3 3590
2883 3591
467 3592
2379 3593
636 3594
3226 3595
1 3596
50 3597
2522 3598
38 3599
3554 3600
713 3601
111 3602
331 3603
1650 3604
2481 3605
2095 3606
2540 3607
501 3608
1280 3609
901 3610
557 3611
125 3612
167 3613
65 3614
1657 3615
1407 3616
182 3617
2381 3618
408 3619
2411 3620
2910 3621
992 3622
65 3623
2891 3624
1604 3625
2054 3626
2290 3627
1155 3628
24 3629
2172 3630
51 3631
3288 3632
178 3633
449 3634
3596 3635
1502 3636
56 3637
745 3638
557 3639
1495 3640
1564 3641
182 3642
193 3643
20 3644
720 3645
966 3646
11 3647
182 3648
2183 3649
2197 3650
2077 3651
2452 3652
1646 3653
3453 3654
1650 3655
3343 3656
698 3657
1552 3658
1533 3659
1120 3660
3560 3661
3271 3662
293 3663
329 3664
1068 3665
1407 3666
102 3667
2775 3668
925 3669
959 3670
2248 3671
1606 3672
60 3673
850 3674
1638 3675
3560 3676
3640 3677
330 3678
1532 3679
1642 3680
861 3681
463 3682
33 3683
1254 3684
3510 3685
2630 3686
52 3687
142 3688
984 3689
12 3690
3609 3691
2381 3692
1646 3693
3195 3694
2177 3695
3542 3696
1702 3697
3060 3698
332 3699
1068 3700
2308 3701
1097 3702
252 3703
849 3704
1 3705
2908 3706
951 3707
2726 3708
3389 3709
1481 3710
502 3711
600 3712
222 3713
476 3714
2678 3715
1533 3716
168 3717
1258 3718
69 3719
3705 3720
3179 3721
1199 3722
1850 3723
895 3724
179 3725
3721 3726
3489 3727
1479 3728
2308 3729
3435 3730
2290 3731
487 3732
2237 3733
3597 3734
513 3735
421 3736
1392 3737
3311 3738
34 3739
624 3740
265 3741
3271 3742
1212 3743
2878 3744
892 3745
2160 3746
85 3747
1746 3748
145 3749
62 3750
1784 3751
1052 3752
1343 3753
891 3754
384 3755
2131 3756
178 3757
1646 3758
3625 3759
3453 3760
40 3761
172 3762
3377 3763
1335 3764
2908 3765
100 3766
3453 3767
344 3768
2097 3769
2755 3770
2107 3771
193 3772
1798 3773
1566 3774
65 3775
1285 3776
2172 3777
2183 3778
1020 3779
3210 3780
3494 3781
1498 3782
3511 3783
665 3784
24 3785
309 3786
168 3787
158 3788
332 3789
74 3790
2068 3791
3623 3792
10 3793
338 3794
14 3795
2617 3796
1489 3797
3640 3798
649 3799
367 3800
148 3801
2095 3802
2452 3803
881 3804
3172 3805
1666 3806
68 3807
1732 3808
3195 3809
1006 3810
33 3811
1392 3812
151 3813
2444 3814
3788 3815
3582 3816
2411 3817
1598 3818
70 3819
413 3820
2259 3821
396 3822
3060 3823
3761 3824
895 3825
3241 3826
1071 3827
2473 3828
496 3829
1657 3830
1267 3831
3510 3832
1922 3833
890 3834
997 3835
781 3836
1712 3837
47 3838
2949 3839
3721 3840
2665 3841
2878 3842
3814 3843
3780 3844
2133 3845
3528 3846
2993 3847
1366 3848
600 3849
2097 3850
3172 3851
1366 3852
60 3853
1710 3854
281 3855
21 3856
48 3857
303 3858
1064 3859
1666 3860
37 3861
2236 3862
576 3863
1554 3864
861 3865
2290 3866
1798 3867
1650 3868
1900 3869
377 3870
2826 3871
3776 3872
971 3873
1593 3874
3780 3875
2097 3876
317 3877
1150 3878
708 3879
50 3880
1267 3881
3287 3882
561 3883
707 3884
273 3885
2949 3886
2910 3887
3788 3888
3497 3889
501 3890
849 3891
3843 3892
2172 3893
2177 3894
1006 3895
238 3896
3271 3897
1967 3898
2290 3899
2031 3900
1453 3901
261 3902
2826 3903
745 3904
1955 3905
367 3906
1502 3907
3560 3908
604 3909
1425 3910
3287 3911
2113 3912
5 3913
3861 3914
1925 3915
33 3916
518 3917
1184 3918
2710 3919
3096 3920
399 3921
3286 3922
2891 3923
1712 3924
99 3925
781 3926
3755 3927
2775 3928
168 3929
1407 3930
1851 3931
132 3932
1762 3933
8 3934
2290 3935
3670 3936
303 3937
901 3938
951 3939
1082 3940
3195 3941
435 3942
3540 3943
1482 3944
913 3945
3033 3946
3596 3947
192 3948
473 3949
2055 3950
2347 3951
597 3952
620 3953
3776 3954
3937 3955
4 3956
1482 3957
2095 3958
2630 3959
1394 3960
3346 3961
3288 3962
27 3963
3288 3964
3623 3965
3334 3966
3306 3967
1094 3968
293 3969
1900 3970
2224 3971
667 3972
1155 3973
3287 3974
275 3975
2617 3976
1146 3977
1552 3978
1140 3979
68 3980
145 3981
377 3982
2522 3983
2710 3984
2848 3985
1115 3986
3287 3987
2481 3988
126 3989
1479 3990
3377 3991
557 3992
20 3993
1593 3994
3657 3995
3226 3996
2504 3997
1798 3998
326 3999
1566 4000
3080 4001
10 4002
193 4003
1657 4004
77 4005
2012 4006
1732 4007
3858 4008
20 4009
849 4010
2617 4011
56 4012
3431 4013
210 4014
203 4015
3389 4016
1023 4017
316 4018
1702 4019
2059 4020
1850 4021
966 4022
1798 4023
1356 4024
161 4025
561 4026
942 4027
3202 4028
318 4029
534 4030
1922 4031
1041 4032
872 4033
2939 4034
175 4035
1343 4036
3431 4037
194 4038
364 4039
3226 4040
5 4041
499 4042
3311 4043
1967 4044
2891 4045
2077 4046
2269 4047
331 4048
3475 4049
14 4050
717 4051
3892 4052
413 4053
2900 4054
3104 4055
2200 4056
1606 4057
10 4058
238 4059
2850 4060
399 4061
3719 4062
3560 4063
1155 4064
1989 4065
421 4066
876 4067
3080 4068
20 4069
1513 4070
221 4071
469 4072
3528 4073
1 4074
99 4075
3284 4076
120 4077
2160 4078
2269 4079
39 4080
3880 4081
3775 4082
1925 4083
132 4084
78 4085
1746 4086
3172 4087
3534 4088
872 4089
1335 4090
3596 4091
1746 4092
2197 4093
608 4094
698 4095
1516 4096
663 4097
3788 4098
24 4099
849 4100
1784 4101
3497 4102
2473 4103
881 4104
2617 4105
1628 4106
2082 4107
2540 4108
78 4109
3856 4110
3913 4111
3937 4112
720 4113
650 4114
1650 4115
1150 4116
2891 4117
3823 4118
1184 4119
463 4120
1212 4121
318 4122
2107 4123
1970 4124
3353 4125
2575 4126
3644 4127
3814 4128
3541 4129
3311 4130
1418 4131
126 4132
1566 4133
2113 4134
1258 4135
2671 4136
4074 4137
3285 4138
275 4139
3814 4140
4041 4141
40 4142
3475 4143
1752 4144
175 4145
1453 4146
2656 4147
476 4148
1850 4149
2574 4150
214 4151
214 4152
3241 4153
3705 4154
2914 4155
3541 4156
1125 4157
984 4158
2269 4159
1375 4160
1366 4161
79 4162
252 4163
473 4164
2910 4165
14 4166
1156 4167
1498 4168
363 4169
992 4170
3858 4171
2955 4172
3880 4173
2949 4174
3284 4175
218 4176
304 4177
1418 4178
2799 4179
1498 4180
925 4181
664 4182
3037 4183
3435 4184
1666 4185
88 4186
3104 4187
77 4188
2883 4189
3609 4190
2083 4191
1082 4192
948 4193
3937 4194
2934 4195
3460 4196
2820 4197
552 4198
1798 4199
1598 4200
3541 4201
1711 4202
3389 4203
3623 4204
1285 4205
1657 4206
881 4207
142 4208
192 4209
3096 4210
124 4211
48 4212
624 4213
1449 4214
1694 4215
2799 4216
460 4217
1071 4218
3354 4219
2347 4220
51 4221
168 4222
1392 4223
275 4224
93 4225
142 4226
4 4227
1564 4228
4095 4229
192 4230
872 4231
261 4232
50 4233
6 4234
2225 4235
3528 4236
704 4237
1280 4238
876 4239
3623 4240
3453 4241
2671 4242
96 4243
2083 4244
413 4245
1449 4246
3510 4247
3721 4248
2068 4249
65 4250
3590 4251
1356 4252
78 4253
3131 4254
3060 4255
3179 4256
167 4257
2551 4258
467 4259
2082 4260
2522 4261
959 4262
576 4263
872 4264
40 4265
2323 4266
2 4267
4074 4268
3346 4269
367 4270
2 4271
4267 4272
1489 4273
1250 4274
56 4275
1714 4276
3271 4277
1453 4278
1146 4279
3705 4280
1666 4281
624 4282
997 4283
4224 4284
3358 4285
102 4286
1340 4287
377 4288
2848 4289
3284 4290
20 4291
2964 4292
3241 4293
1762 4294
2804 4295
576 4296
2172 4297
3346 4298
399 4299
8 4300
2183 4301
318 4302
133 4303
2900 4304
38 4305
4238 4306
47 4307
3489 4308
2602 4309
1533 4310
602 4311
193 4312
2049 4313
338 4314
218 4315
502 4316
4152 4317
3623 4318
778 4319
624 4320
3511 4321
367 4322
2113 4323
608 4324
261 4325
2012 4326
2083 4327
513 4328
2755 4329
718 4330
175 4331
396 4332
2939 4333
4089 4334
27 4335
3334 4336
3431 4337
499 4338
2177 4339
303 4340
3226 4341
2274 4342
344 4343
4089 4344
1280 4345
1538 4346
978 4347
4224 4348
14 4349
21 4350
3169 4351
40 4352
3311 4353
607 4354
3482 4355
2891 4356
925 4357
2848 4358
3705 4359
895 4360
4053 4361
1335 4362
2710 4363
2993 4364
12 4365
966 4366
100 4367
1925 4368
2820 4369
597 4370
608 4371
1598 4372
557 4373
3179 4374
1449 4375
1184 4376
2160 4377
4 4378
1391 4379
1057 4380
2183 4381
1989 4382
148 4383
1732 4384
1343 4385
576 4386
120 4387
604 4388
68 4389
1544 4390
3933 4391
2290 4392
951 4393
11 4394
338 4395
4233 4396
1925 4397
1402 4398
1343 4399
3861 4400
3644 4401
60 4402
3092 4403
4231 4404
3542 4405
1495 4406
3721 4407
2920 4408
1366 4409
3528 4410
1267 4411
604 4412
39 4413
309 4414
2274 4415
890 4416
1593 4417
850 4418
303 4419
65 4420
2678 4421
487 4422
2678 4423
3286 4424
3775 4425
141 4426
4245 4427
1140 4428
552 4429
518 4430
2520 4431
2946 4432
4238 4433
2049 4434
4009 4435
4167 4436
3286 4437
4074 4438
2177 4439
1850 4440
3080 4441
3788 4442
3169 4443
1419 4444
56 4445
316 4446
881 4447
35 4448
2290 4449
203 4450
293 4451
111 4452
2200 4453
125 4454
1041 4455
2447 4456
1642 4457
142 4458
7 4459
620 4460
3060 4461
1310 4462
3861 4463
54 4464
1861 4465
1839 4466
783 4467
2883 4468
133 4469
1258 4470
2656 4471
2651 4472
3435 4473
203 4474
7 4475
1732 4476
39 4477
20 4478
2678 4479
3993 4480
2751 4481
1544 4482
1967 4483
624 4484
332 4485
692 4486
3542 4487
1516 4488
4461 4489
21 4490
3590 4491
561 4492
168 4493
1533 4494
69 4495
2113 4496
3625 4497
2131 4498
384 4499
3271 4500
21 4501
2447 4502
2133 4503
0 4504
3311 4505
96 4506
620 4507
116 4508
364 4509
3258 4510
1498 4511
206 4512
576 4513
25 4514
1532 4515
726 4516
1532 4517
4227 4518
1394 4519
4233 4520
4231 4521
4464 4522
96 4523
3195 4524
861 4525
1323 4526
3104 4527
2993 4528
557 4529
4033 4530
951 4531
1250 4532
663 4533
4294 4534
777 4535
460 4536
4151 4537
68 4538
4374 4539
4009 4540
3956 4541
142 4542
3084 4543
552 4544
2160 4545
330 4546
4033 4547
2054 4548
4224 4549
2715 4550
261 4551
781 4552
1452 4553
3092 4554
252 4555
971 4556
1479 4557
3354 4558
222 4559
654 4560
93 4561
1615 4562
1544 4563
663 4564
74 4565
692 4566
4499 4567
3179 4568
3482 4569
60 4570
901 4571
1150 4572
1787 4573
384 4574
265 4575
2259 4576
460 4577
518 4578
2931 4579
330 4580
14 4581
3820 4582
2183 4583
317 4584
1798 4585
4267 4586
647 4587
890 4588
4340 4589
3353 4590
4464 4591
126 4592
2225 4593
206 4594
2939 4595
3554 4596
1666 4597
1958 4598
2504 4599
4379 4600
4490 4601
3297 4602
151 4603
329 4604
2807 4605
37 4606
4274 4607
626 4608
2269 4609
528 4610
3344 4611
89 4612
1635 4613
2820 4614
435 4615
4 4616
1752 4617
364 4618
316 4619
2520 4620
1642 4621
892 4622
1285 4623
1140 4624
3956 4625
3179 4626
4069 4627
2920 4628
2804 4629
3858 4630
4478 4631
2868 4632
62 4633
2095 4634
3590 4635
1102 4636
3705 4637
3823 4638
126 4639
3435 4640
4262 4641
405 4642
2617 4643
3354 4644
1210 4645
923 4646
1755 4647
1064 4648
786 4649
3008 4650
268 4651
422 4652
1461 4653
3728 4654
2850 4655
3670 4656
377 4657
1064 4658
3775 4659
2708 4660
10 4661
1481 4662
667 4663
1861 4664
2049 4665
1762 4666
604 4667
344 4668
367 4669
4350 4670
608 4671
3241 4672
226 4673
713 4674
778 4675
421 4676
1453 4677
3482 4678
1120 4679
1310 4680
2452 4681
3170 4682
49 4683
304 4684
1513 4685
1088 4686
1394 4687
2033 4688
4502 4689
3560 4690
3542 4691
4490 4692
3080 4693
2826 4694
93 4695
51 4696
3880 4697
4255 4698
2248 4699
145 4700
1552 4701
4053 4702
2248 4703
2077 4704
1604 4705
3820 4706
3775 4707
713 4708
145 4709
126 4710
331 4711
600 4712
2908 4713
2551 4714
96 4715
1900 4716
1425 4717
1391 4718
1335 4719
4255 4720
726 4721
2651 4722
1532 4723
4264 4724
470 4725
647 4726
329 4727
3698 4728
1538 4729
1199 4730
3172 4731
1258 4732
3511 4733
3285 4734
914 4735
2914 4736
1397 4737
93 4738
3614 4739
4490 4740
2804 4741
14 4742
214 4743
124 4744
4227 4745
4605 4746
3892 4747
745 4748
4205 4749
4352 4750
1535 4751
2134 4752
463 4753
35 4754
2031 4755
109 4756
3311 4757
4259 4758
1839 4759
1969 4760
124 4761
332 4762
1516 4763
3705 4764
3169 4765
1082 4766
1366 4767
2049 4768
1958 4769
518 4770
850 4771
1041 4772
3179 4773
4089 4774
3494 4775
1449 4776
79 4777
997 4778
124 4779
52 4780
2269 4781
1023 4782
2049 4783
4340 4784
2481 4785
1784 4786
1900 4787
892 4788
3172 4789
890 4790
4490 4791
161 4792
3237 4793
3990 4794
913 4795
557 4796
3475 4797
3528 4798
35 4799
3258 4800
3354 4801
1068 4802
39 4803
2473 4804
2444 4805
51 4806
62 4807
4779 4808
51 4809
4502 4810
3843 4811
2575 4812
1711 4813
214 4814
4089 4815
1461 4816
2097 4817
1323 4818
3510 4819
0 4820
654 4821
3377 4822
304 4823
1498 4824
692 4825
892 4826
4069 4827
3353 4828
4262 4829
925 4830
2488 4831
3172 4832
3858 4833
778 4834
1646 4835
2055 4836
182 4837
2134 4838
778 4839
3913 4840
3344 4841
1533 4842
3880 4843
647 4844
2726 4845
1120 4846
4227 4847
4052 4848
2082 4849
3169 4850
948 4851
1613 4852
1340 4853
4238 4854
203 4855
142 4856
4612 4857
1714 4858
2520 4859
4848 4860
88 4861
1254 4862
3510 4863
3510 4864
4350 4865
40 4866
1375 4867
778 4868
1036 4869
194 4870
2842 4871
3494 4872
4352 4873
1593 4874
3990 4875
3710 4876
2602 4877
178 4878
1383 4879
167 4880
4274 4881
872 4882
3008 4883
3170 4884
275 4885
1498 4886
2133 4887
1323 4888
850 4889
2575 4890
4501 4891
2809 4892
704 4893
2290 4894
978 4895
4495 4896
717 4897
68 4898
99 4899
1343 4900
93 4901
3640 4902
273 4903
3092 4904
1156 4905
2411 4906
158 4907
3131 4908
3241 4909
2722 4910
3609 4911
3614 4912
1041 4913
2131 4914
3640 4915
3084 4916
1140 4917
3172 4918
3008 4919
1638 4920
1 4921
2134 4922
2033 4923
901 4924
3596 4925
3210 4926
3820 4927
191 4928
1811 4929
1787 4930
363 4931
872 4932
1564 4933
203 4934
925 4935
3297 4936
2540 4937
1140 4938
169 4939
2054 4940
3528 4941
79 4942
4095 4943
344 4944
3170 4945
1184 4946
3755 4947
1258 4948
1419 4949
3226 4950
891 4951
212 4952
4932 4953
713 4954
3623 4955
2842 4956
3705 4957
2172 4958
1247 4959
2807 4960
2775 4961
647 4962
1732 4963
99 4964
3179 4965
1635 4966
1994 4967
1762 4968
890 4969
647 4970
3334 4971
4747 4972
21 4973
2929 4974
239 4975
3210 4976
2900 4977
4265 4978
3131 4979
396 4980
33 4981
1020 4982
27 4983
4747 4984
158 4985
1071 4986
913 4987
3761 4988
257 4989
891 4990
4227 4991
664 4992
1155 4993
720 4994
6 4995
3475 4996
2651 4997
881 4998
81 4999
3037 5000
